date,1,2,3,4,5
192806,0.0071,0.0244,0.0491,0.1293,0.7902
192807,0.0066,0.0218,0.0498,0.1284,0.7934
192808,0.0065,0.0214,0.0495,0.1284,0.7942
192809,0.0063,0.0209,0.0496,0.13,0.7932
192810,0.0066,0.0217,0.0508,0.1328,0.7882
192811,0.0068,0.0218,0.0512,0.131,0.7892
192812,0.0069,0.0214,0.0514,0.1294,0.7909
192901,0.0066,0.0204,0.0513,0.1314,0.7903
192902,0.0065,0.0196,0.0493,0.1295,0.795
192903,0.0064,0.02,0.0496,0.1288,0.7951
192904,0.0062,0.0192,0.0473,0.1248,0.8025
192905,0.0062,0.0191,0.0467,0.1229,0.8051
192906,0.0056,0.0178,0.0451,0.1215,0.8099
192907,0.0054,0.0184,0.0454,0.1233,0.8075
192908,0.0051,0.0179,0.0444,0.1201,0.8125
192909,0.0045,0.0165,0.0419,0.1152,0.8219
192910,0.0044,0.0166,0.0428,0.119,0.8172
192911,0.0043,0.0166,0.0426,0.1154,0.8212
192912,0.0042,0.0165,0.0433,0.1158,0.8202
193001,0.0039,0.0155,0.0421,0.1139,0.8247
193002,0.0042,0.0161,0.0422,0.1141,0.8234
193003,0.0042,0.0162,0.0424,0.1121,0.8252
193004,0.0042,0.0163,0.043,0.1108,0.8256
193005,0.0041,0.0159,0.0424,0.1081,0.8296
193006,0.0039,0.0155,0.0414,0.1052,0.834
193007,0.0041,0.0145,0.0372,0.0995,0.8448
193008,0.004,0.0145,0.0373,0.0992,0.845
193009,0.0038,0.0143,0.0366,0.0987,0.8466
193010,0.0034,0.0137,0.0355,0.0964,0.8509
193011,0.0034,0.0136,0.0349,0.0952,0.853
193012,0.0034,0.0136,0.0356,0.0964,0.8511
193101,0.003,0.0125,0.0343,0.0934,0.8567
193102,0.0033,0.0134,0.0356,0.0941,0.8536
193103,0.0038,0.0135,0.0364,0.0932,0.8531
193104,0.0038,0.0141,0.0367,0.0919,0.8536
193105,0.0035,0.0131,0.0347,0.0889,0.8598
193106,0.0034,0.0137,0.0349,0.0869,0.8612
193107,0.0035,0.0119,0.0327,0.0907,0.8612
193108,0.0035,0.012,0.032,0.0905,0.8622
193109,0.0033,0.0121,0.0318,0.0922,0.8605
193110,0.0032,0.0116,0.0302,0.0904,0.8646
193111,0.0031,0.0116,0.0305,0.0917,0.863
193112,0.0031,0.0117,0.0309,0.0921,0.8622
193201,0.0027,0.0113,0.0298,0.0915,0.8648
193202,0.003,0.0125,0.031,0.0926,0.8609
193203,0.0029,0.0116,0.0298,0.09,0.8657
193204,0.0029,0.0119,0.0294,0.0895,0.8663
193205,0.0028,0.0122,0.0303,0.0925,0.8622
193206,0.0031,0.0124,0.0287,0.0937,0.8621
193207,0.0025,0.0096,0.0269,0.0833,0.8778
193208,0.0027,0.0108,0.0285,0.0876,0.8705
193209,0.0037,0.0134,0.032,0.0966,0.8543
193210,0.0034,0.0126,0.0306,0.0943,0.8591
193211,0.0031,0.0114,0.0281,0.0891,0.8684
193212,0.0029,0.0106,0.0272,0.087,0.8723
193301,0.0024,0.0093,0.0257,0.0837,0.8789
193302,0.0023,0.0098,0.0266,0.0864,0.8749
193303,0.0023,0.009,0.0258,0.0874,0.8755
193304,0.0025,0.0099,0.0271,0.0951,0.8653
193305,0.0027,0.0112,0.0299,0.1023,0.8539
193306,0.0044,0.0158,0.0364,0.1108,0.8326
193307,0.0046,0.0141,0.0366,0.1081,0.8365
193308,0.0049,0.0142,0.0346,0.1071,0.8393
193309,0.0045,0.0137,0.0356,0.1111,0.8351
193310,0.0042,0.013,0.0338,0.11,0.8391
193311,0.004,0.0124,0.0323,0.1085,0.8428
193312,0.0039,0.0118,0.0314,0.1068,0.8461
193401,0.0038,0.012,0.032,0.1068,0.8453
193402,0.0048,0.0141,0.0363,0.1112,0.8336
193403,0.0054,0.0149,0.0382,0.1122,0.8293
193404,0.0054,0.0152,0.0385,0.1133,0.8275
193405,0.0057,0.0154,0.0382,0.1138,0.8269
193406,0.0053,0.015,0.0375,0.1128,0.8294
193407,0.0043,0.0141,0.0367,0.1091,0.8359
193408,0.0036,0.0122,0.0335,0.1045,0.8461
193409,0.0039,0.0129,0.0348,0.106,0.8424
193410,0.0038,0.0125,0.0347,0.1059,0.8432
193411,0.0037,0.0124,0.0346,0.1064,0.8429
193412,0.004,0.0131,0.0361,0.1104,0.8364
193501,0.004,0.0135,0.0368,0.1128,0.8329
193502,0.004,0.0135,0.0368,0.1116,0.8341
193503,0.0037,0.013,0.0362,0.1123,0.8348
193504,0.0034,0.0123,0.0348,0.1101,0.8395
193505,0.0035,0.0124,0.0347,0.1074,0.842
193506,0.0034,0.0123,0.0338,0.1048,0.8457
193507,0.0029,0.0118,0.0332,0.1048,0.8474
193508,0.0031,0.0125,0.034,0.1052,0.8452
193509,0.0035,0.0133,0.0351,0.1056,0.8426
193510,0.0034,0.0134,0.0353,0.1053,0.8426
193511,0.0035,0.0138,0.0361,0.1051,0.8415
193512,0.0043,0.0147,0.0378,0.1057,0.8375
193601,0.0042,0.0152,0.0393,0.1081,0.8332
193602,0.0049,0.0164,0.0402,0.1079,0.8306
193603,0.0052,0.0169,0.0409,0.1096,0.8274
193604,0.0053,0.0168,0.0419,0.108,0.828
193605,0.0047,0.0152,0.0407,0.1057,0.8336
193606,0.0048,0.0154,0.0411,0.1049,0.8338
193607,0.0045,0.016,0.0396,0.1003,0.8395
193608,0.0046,0.0164,0.0404,0.1013,0.8373
193609,0.0047,0.0167,0.0413,0.1029,0.8345
193610,0.0049,0.0171,0.0423,0.1048,0.8309
193611,0.0049,0.0171,0.0414,0.1038,0.8328
193612,0.0055,0.0184,0.044,0.1069,0.8252
193701,0.0055,0.0192,0.0451,0.1078,0.8224
193702,0.006,0.0199,0.0464,0.1091,0.8186
193703,0.0064,0.0198,0.0472,0.111,0.8156
193704,0.0065,0.0198,0.0467,0.1123,0.8147
193705,0.0059,0.0187,0.0461,0.1096,0.8198
193706,0.0057,0.0184,0.0456,0.1086,0.8218
193707,0.0057,0.018,0.0444,0.102,0.83
193708,0.0059,0.0182,0.0443,0.1014,0.8302
193709,0.0058,0.0182,0.0445,0.1019,0.8297
193710,0.0051,0.0165,0.041,0.097,0.8403
193711,0.0052,0.0163,0.0404,0.0971,0.8409
193712,0.005,0.0158,0.0399,0.0956,0.8437
193801,0.0044,0.0143,0.0368,0.0928,0.8517
193802,0.0047,0.0149,0.0382,0.0946,0.8476
193803,0.0046,0.015,0.0384,0.0946,0.8475
193804,0.0041,0.014,0.0368,0.0926,0.8525
193805,0.0044,0.0147,0.038,0.0947,0.8483
193806,0.0042,0.0142,0.0373,0.0936,0.8507
193807,0.0046,0.017,0.0379,0.0939,0.8466
193808,0.005,0.0182,0.0392,0.0983,0.8394
193809,0.0046,0.0176,0.0382,0.0965,0.8431
193810,0.0044,0.0171,0.0372,0.0946,0.8466
193811,0.0048,0.0185,0.0393,0.0986,0.8389
193812,0.0046,0.0179,0.0387,0.0988,0.84
193901,0.0043,0.0179,0.0391,0.0997,0.839
193902,0.0043,0.0173,0.038,0.0976,0.8428
193903,0.0043,0.0174,0.0389,0.0984,0.841
193904,0.0039,0.0159,0.0362,0.0923,0.8518
193905,0.0039,0.0161,0.0361,0.0925,0.8513
193906,0.004,0.0166,0.0374,0.0944,0.8476
193907,0.0041,0.0159,0.0367,0.0925,0.8508
193908,0.0043,0.0166,0.0381,0.0957,0.8454
193909,0.004,0.0155,0.0364,0.0915,0.8526
193910,0.0059,0.019,0.0412,0.0952,0.8387
193911,0.0054,0.0187,0.0415,0.096,0.8385
193912,0.0048,0.0174,0.0398,0.0941,0.8439
194001,0.0047,0.0173,0.0401,0.0932,0.8447
194002,0.0046,0.0171,0.0402,0.0933,0.8447
194003,0.0048,0.0175,0.0411,0.0946,0.8419
194004,0.0049,0.0176,0.0415,0.0948,0.8413
194005,0.0052,0.0182,0.0426,0.0941,0.8399
194006,0.0045,0.017,0.0398,0.0888,0.85
194007,0.0044,0.0171,0.0391,0.0901,0.8493
194008,0.0044,0.0172,0.0399,0.0905,0.8479
194009,0.0043,0.0175,0.0399,0.0909,0.8474
194010,0.0045,0.0179,0.0408,0.0912,0.8456
194011,0.0046,0.0185,0.0414,0.0942,0.8413
194012,0.0047,0.0188,0.0426,0.0955,0.8383
194101,0.0045,0.0184,0.0419,0.0942,0.8411
194102,0.0047,0.0187,0.0419,0.0944,0.8403
194103,0.0046,0.0187,0.0418,0.0943,0.8406
194104,0.0047,0.0189,0.0418,0.0941,0.8405
194105,0.0047,0.0187,0.042,0.0937,0.8409
194106,0.0046,0.0189,0.042,0.0938,0.8407
194107,0.0047,0.0188,0.0423,0.0926,0.8416
194108,0.0055,0.02,0.0439,0.0962,0.8345
194109,0.0055,0.02,0.0433,0.0971,0.8342
194110,0.0052,0.0197,0.0429,0.0968,0.8353
194111,0.0051,0.0195,0.0419,0.0966,0.8369
194112,0.005,0.0193,0.0418,0.0972,0.8367
194201,0.0045,0.0183,0.0411,0.0956,0.8405
194202,0.0054,0.0202,0.0432,0.0983,0.8329
194203,0.0054,0.0205,0.0436,0.0989,0.8316
194204,0.0055,0.021,0.0445,0.0996,0.8294
194205,0.0055,0.0209,0.0443,0.0979,0.8315
194206,0.0052,0.0201,0.0427,0.0964,0.8356
194207,0.0051,0.0188,0.0408,0.0972,0.838
194208,0.0053,0.0189,0.041,0.0982,0.8366
194209,0.0053,0.0191,0.0414,0.0985,0.8357
194210,0.0056,0.0193,0.041,0.0985,0.8357
194211,0.0058,0.02,0.042,0.0997,0.8325
194212,0.0055,0.0194,0.0413,0.0988,0.835
194301,0.0052,0.019,0.0406,0.0986,0.8367
194302,0.0062,0.0207,0.0422,0.0998,0.8311
194303,0.0072,0.0218,0.0435,0.1007,0.8268
194304,0.0077,0.0237,0.045,0.1038,0.8199
194305,0.0083,0.0246,0.0458,0.105,0.8162
194306,0.0089,0.0259,0.0465,0.1055,0.8132
194307,0.0084,0.0248,0.0475,0.1005,0.8188
194308,0.0081,0.0242,0.0466,0.0988,0.8222
194309,0.0079,0.024,0.0466,0.0988,0.8227
194310,0.0081,0.0242,0.0468,0.099,0.8219
194311,0.0082,0.0246,0.047,0.0992,0.8209
194312,0.0077,0.0242,0.0457,0.0968,0.8256
194401,0.0081,0.025,0.0471,0.0986,0.8212
194402,0.0084,0.0259,0.0481,0.0995,0.8182
194403,0.0087,0.0257,0.0487,0.1004,0.8165
194404,0.009,0.0263,0.0493,0.1003,0.815
194405,0.0088,0.0259,0.0487,0.0988,0.8177
194406,0.0091,0.0262,0.0498,0.1002,0.8147
194407,0.0104,0.0268,0.0535,0.1078,0.8015
194408,0.0104,0.0268,0.0539,0.1084,0.8005
194409,0.0105,0.0274,0.055,0.1094,0.7978
194410,0.0106,0.0274,0.0552,0.1089,0.798
194411,0.0106,0.0273,0.0548,0.1081,0.7991
194412,0.0107,0.0277,0.0549,0.1088,0.7979
194501,0.0111,0.0286,0.0562,0.1104,0.7937
194502,0.0115,0.0294,0.0572,0.1113,0.7906
194503,0.0118,0.0301,0.0584,0.1138,0.7859
194504,0.0111,0.0299,0.0573,0.1136,0.7882
194505,0.0112,0.0303,0.0578,0.1145,0.7861
194506,0.0115,0.0308,0.0583,0.1152,0.7842
194507,0.0133,0.031,0.0585,0.1188,0.7784
194508,0.013,0.0305,0.0573,0.1176,0.7815
194509,0.0131,0.0307,0.058,0.1185,0.7798
194510,0.0134,0.0312,0.0589,0.1202,0.7763
194511,0.0142,0.0318,0.0591,0.1212,0.7736
194512,0.0152,0.0333,0.0611,0.1269,0.7635
194601,0.0155,0.0342,0.0609,0.1279,0.7614
194602,0.0166,0.0351,0.0615,0.1297,0.7571
194603,0.0165,0.0348,0.0607,0.1296,0.7585
194604,0.0162,0.0349,0.0617,0.1317,0.7555
194605,0.0168,0.0358,0.0621,0.132,0.7533
194606,0.017,0.0365,0.0633,0.1348,0.7484
194607,0.0165,0.0378,0.0653,0.1304,0.75
194608,0.016,0.0372,0.0644,0.1287,0.7537
194609,0.0156,0.0366,0.0635,0.1283,0.7561
194610,0.0145,0.0349,0.061,0.1255,0.7642
194611,0.0145,0.0348,0.0611,0.1259,0.7638
194612,0.0143,0.0346,0.0614,0.1265,0.7631
194701,0.0141,0.0346,0.0613,0.1275,0.7624
194702,0.0146,0.0353,0.0619,0.1271,0.7611
194703,0.0148,0.0357,0.0619,0.1266,0.7611
194704,0.0144,0.0349,0.0614,0.1266,0.7627
194705,0.0136,0.0336,0.0595,0.1232,0.7701
194706,0.013,0.0325,0.058,0.121,0.7756
194707,0.013,0.0303,0.0555,0.1181,0.7831
194708,0.0134,0.0309,0.0568,0.1197,0.7792
194709,0.0134,0.031,0.0571,0.1196,0.7789
194710,0.0135,0.0312,0.0579,0.1207,0.7767
194711,0.0137,0.0314,0.0582,0.1206,0.7761
194712,0.0136,0.0309,0.0578,0.1198,0.7779
194801,0.0133,0.0303,0.0569,0.119,0.7804
194802,0.0138,0.031,0.0576,0.1209,0.7767
194803,0.0134,0.0304,0.0567,0.1199,0.7796
194804,0.0137,0.0305,0.0574,0.1212,0.7772
194805,0.0137,0.0303,0.0568,0.1225,0.7766
194806,0.014,0.0307,0.0575,0.1224,0.7755
194807,0.0127,0.0303,0.0596,0.1236,0.7737
194808,0.0126,0.0304,0.0593,0.1238,0.7738
194809,0.0124,0.0302,0.059,0.1237,0.7747
194810,0.0121,0.03,0.058,0.1218,0.7782
194811,0.012,0.0295,0.0572,0.1214,0.7798
194812,0.0117,0.0293,0.0568,0.1203,0.782
194901,0.0111,0.0283,0.0556,0.1188,0.7863
194902,0.0115,0.0286,0.0556,0.1206,0.7837
194903,0.0113,0.0279,0.0552,0.1214,0.7841
194904,0.0116,0.0284,0.0561,0.1218,0.782
194905,0.0115,0.0279,0.0551,0.1203,0.7852
194906,0.011,0.0275,0.0548,0.1209,0.7858
194907,0.0104,0.0265,0.0533,0.1189,0.791
194908,0.0104,0.0266,0.0538,0.1196,0.7895
194909,0.0105,0.0265,0.0538,0.1193,0.7899
194910,0.0105,0.027,0.0543,0.1202,0.788
194911,0.0108,0.0271,0.0544,0.1193,0.7884
194912,0.0106,0.0269,0.0544,0.1192,0.789
195001,0.0108,0.0273,0.0553,0.12,0.7867
195002,0.0113,0.028,0.0567,0.1207,0.7833
195003,0.0115,0.0282,0.0564,0.121,0.7829
195004,0.0113,0.0277,0.0553,0.12,0.7857
195005,0.0115,0.0282,0.0562,0.1192,0.7849
195006,0.0113,0.0278,0.0552,0.1182,0.7874
195007,0.0101,0.0264,0.0543,0.1148,0.7944
195008,0.0108,0.0276,0.056,0.1168,0.7887
195009,0.0109,0.0276,0.0563,0.1164,0.7888
195010,0.0107,0.0277,0.0568,0.1176,0.7871
195011,0.0107,0.0278,0.0565,0.1161,0.7889
195012,0.0108,0.0278,0.0565,0.1179,0.787
195101,0.0114,0.0287,0.0573,0.1191,0.7835
195102,0.0118,0.0293,0.0585,0.1205,0.7799
195103,0.0117,0.0292,0.0581,0.1208,0.7802
195104,0.0113,0.0286,0.0569,0.1192,0.784
195105,0.0112,0.0284,0.0566,0.1186,0.7853
195106,0.011,0.0282,0.0567,0.119,0.7851
195107,0.0107,0.0267,0.0546,0.1215,0.7865
195108,0.0104,0.0264,0.0537,0.1221,0.7873
195109,0.0106,0.0265,0.054,0.1216,0.7873
195110,0.0108,0.0271,0.0547,0.1234,0.784
195111,0.0107,0.0269,0.0548,0.1225,0.7852
195112,0.0106,0.0268,0.055,0.1239,0.7837
195201,0.0102,0.0261,0.0532,0.122,0.7885
195202,0.0102,0.0261,0.0532,0.1221,0.7884
195203,0.0102,0.0263,0.0536,0.1235,0.7865
195204,0.0099,0.0258,0.0525,0.122,0.7898
195205,0.0099,0.0258,0.0529,0.1219,0.7895
195206,0.0097,0.0256,0.0526,0.1216,0.7906
195207,0.0095,0.0248,0.0519,0.1191,0.7947
195208,0.0095,0.0247,0.0519,0.1193,0.7946
195209,0.0096,0.025,0.0524,0.1204,0.7926
195210,0.0096,0.0251,0.0525,0.1205,0.7923
195211,0.0096,0.0247,0.0522,0.12,0.7935
195212,0.0095,0.0247,0.0522,0.1196,0.7941
195301,0.0092,0.0245,0.0514,0.1186,0.7962
195302,0.0095,0.0252,0.0528,0.1206,0.7919
195303,0.0099,0.0256,0.0534,0.1218,0.7892
195304,0.0098,0.0255,0.0535,0.1215,0.7897
195305,0.0098,0.0257,0.0538,0.122,0.7888
195306,0.0099,0.0257,0.0537,0.122,0.7887
195307,0.0096,0.0243,0.0524,0.1205,0.7932
195308,0.0096,0.0238,0.052,0.1191,0.7955
195309,0.0094,0.0236,0.0516,0.1189,0.7966
195310,0.0091,0.0233,0.0508,0.1175,0.7993
195311,0.0089,0.0229,0.0503,0.1171,0.8008
195312,0.0088,0.0227,0.0499,0.1174,0.8012
195401,0.0085,0.0222,0.0491,0.1165,0.8037
195402,0.0087,0.0225,0.0499,0.1172,0.8018
195403,0.0086,0.0224,0.05,0.1178,0.8012
195404,0.0084,0.0222,0.0494,0.1178,0.8021
195405,0.0082,0.0214,0.0478,0.1145,0.8081
195406,0.0083,0.0216,0.0482,0.1159,0.8061
195407,0.008,0.0215,0.0501,0.1174,0.8029
195408,0.0084,0.022,0.0509,0.1192,0.7995
195409,0.0086,0.0226,0.0516,0.1201,0.7971
195410,0.0084,0.0222,0.05,0.1176,0.8018
195411,0.0085,0.0222,0.0506,0.119,0.7997
195412,0.0084,0.022,0.051,0.1193,0.7993
195501,0.0089,0.0228,0.0526,0.1197,0.796
195502,0.0091,0.0226,0.0535,0.1196,0.7951
195503,0.0094,0.0226,0.0546,0.1204,0.7931
195504,0.0093,0.0224,0.0549,0.1192,0.7942
195505,0.0092,0.022,0.0542,0.1182,0.7963
195506,0.0092,0.0218,0.054,0.1184,0.7966
195507,0.0084,0.0217,0.0484,0.1149,0.8065
195508,0.0083,0.0215,0.0474,0.113,0.8098
195509,0.0083,0.0212,0.0474,0.1136,0.8094
195510,0.0083,0.021,0.0471,0.111,0.8126
195511,0.0084,0.0213,0.0477,0.1115,0.8111
195512,0.0081,0.021,0.0473,0.1102,0.8134
195601,0.0082,0.0206,0.0477,0.1104,0.813
195602,0.0084,0.0208,0.0476,0.11,0.8132
195603,0.0083,0.0207,0.0473,0.1097,0.8141
195604,0.0081,0.0202,0.0465,0.1083,0.8169
195605,0.008,0.0202,0.0465,0.1085,0.8168
195606,0.0081,0.0203,0.0471,0.11,0.8145
195607,0.0076,0.0197,0.0477,0.1109,0.8141
195608,0.0075,0.0194,0.0469,0.1104,0.8158
195609,0.0076,0.0198,0.0474,0.1109,0.8143
195610,0.0078,0.0202,0.0481,0.1108,0.8131
195611,0.0078,0.02,0.0481,0.1107,0.8134
195612,0.0078,0.0201,0.0483,0.1109,0.8129
195701,0.0076,0.0198,0.0478,0.1094,0.8154
195702,0.0081,0.0207,0.0494,0.1118,0.8099
195703,0.0081,0.0206,0.049,0.112,0.8103
195704,0.008,0.0205,0.049,0.112,0.8106
195705,0.0078,0.0199,0.0476,0.1103,0.8143
195706,0.0075,0.0196,0.0468,0.1086,0.8175
195707,0.0073,0.0183,0.0462,0.1078,0.8204
195708,0.0072,0.0182,0.0459,0.107,0.8216
195709,0.0073,0.0181,0.0458,0.1059,0.8229
195710,0.0074,0.0182,0.0456,0.1066,0.8222
195711,0.0071,0.0177,0.0445,0.1056,0.8251
195712,0.007,0.0173,0.0447,0.1061,0.8249
195801,0.0068,0.017,0.0442,0.1065,0.8255
195802,0.0073,0.018,0.0464,0.1103,0.8179
195803,0.0073,0.0183,0.047,0.1112,0.8162
195804,0.0073,0.0183,0.0471,0.1116,0.8158
195805,0.0073,0.0184,0.0466,0.111,0.8168
195806,0.0074,0.0187,0.0478,0.1115,0.8147
195807,0.0076,0.0203,0.0463,0.114,0.8118
195808,0.0077,0.0204,0.0473,0.1143,0.8103
195809,0.0078,0.0206,0.0477,0.115,0.8088
195810,0.0079,0.0208,0.0478,0.1146,0.809
195811,0.0079,0.0211,0.0482,0.1151,0.8077
195812,0.008,0.0216,0.0483,0.1169,0.8052
195901,0.0078,0.0213,0.0471,0.1155,0.8083
195902,0.0083,0.022,0.0486,0.1169,0.8043
195903,0.0084,0.0223,0.0498,0.1183,0.8011
195904,0.0084,0.0226,0.05,0.1186,0.8005
195905,0.0082,0.0224,0.0499,0.118,0.8015
195906,0.0082,0.0219,0.0494,0.1169,0.8036
195907,0.0083,0.0208,0.0484,0.1181,0.8043
195908,0.0082,0.0208,0.0484,0.1169,0.8056
195909,0.0083,0.0207,0.0486,0.1162,0.8062
195910,0.0083,0.0206,0.0485,0.1157,0.807
195911,0.0083,0.0208,0.0487,0.1174,0.8048
195912,0.0082,0.0209,0.0484,0.1176,0.8048
196001,0.0082,0.0207,0.048,0.1156,0.8075
196002,0.0086,0.0213,0.0488,0.1175,0.8037
196003,0.0085,0.0213,0.0483,0.118,0.8038
196004,0.0084,0.0207,0.0476,0.1171,0.8063
196005,0.0082,0.0206,0.0473,0.1177,0.8062
196006,0.008,0.0207,0.0472,0.1166,0.8075
196007,0.0075,0.0204,0.046,0.1118,0.8143
196008,0.0076,0.0203,0.0463,0.1125,0.8133
196009,0.0077,0.0203,0.0467,0.1124,0.8129
196010,0.0076,0.0201,0.0466,0.1128,0.8129
196011,0.0074,0.0195,0.0455,0.1115,0.816
196012,0.0072,0.0194,0.046,0.1125,0.8149
196101,0.007,0.0187,0.0454,0.1125,0.8164
196102,0.007,0.0191,0.0463,0.1142,0.8134
196103,0.0072,0.0199,0.0471,0.1163,0.8095
196104,0.0075,0.0204,0.0476,0.1181,0.8064
196105,0.0076,0.0208,0.0474,0.1176,0.8066
196106,0.0077,0.0211,0.0484,0.119,0.8038
196107,0.008,0.0221,0.0495,0.1177,0.8027
196108,0.0077,0.0215,0.0485,0.1162,0.8061
196109,0.0076,0.0213,0.0474,0.1177,0.806
196110,0.0075,0.0209,0.0471,0.1164,0.8081
196111,0.0074,0.0204,0.0468,0.1166,0.8088
196112,0.0075,0.0206,0.0467,0.1162,0.809
196201,0.0075,0.0204,0.0465,0.1141,0.8114
196202,0.008,0.0213,0.0466,0.1157,0.8085
196203,0.0079,0.0211,0.0463,0.1153,0.8094
196204,0.0079,0.0211,0.0457,0.1145,0.8108
196205,0.0078,0.0209,0.0456,0.1141,0.8116
196206,0.0077,0.0202,0.0441,0.1128,0.8151
196207,0.0082,0.0206,0.0458,0.1148,0.8106
196208,0.0083,0.0206,0.0455,0.114,0.8117
196209,0.0083,0.0208,0.0457,0.1145,0.8108
196210,0.0082,0.0203,0.0449,0.1135,0.8131
196211,0.0078,0.0195,0.0439,0.1114,0.8175
196212,0.008,0.0201,0.0449,0.1137,0.8133
196301,0.0077,0.0194,0.0436,0.1127,0.8166
196302,0.008,0.02,0.0444,0.1137,0.8139
196303,0.0082,0.0201,0.0448,0.1144,0.8126
196304,0.008,0.0197,0.0439,0.1132,0.8152
196305,0.0077,0.0195,0.0429,0.113,0.8169
196306,0.008,0.0198,0.0435,0.1129,0.8158
196307,0.0153,0.0248,0.0442,0.1132,0.8025
196308,0.0153,0.0245,0.0435,0.1115,0.8052
196309,0.0149,0.0245,0.0435,0.112,0.8051
196310,0.0149,0.0241,0.043,0.1104,0.8077
196311,0.0146,0.024,0.0423,0.1086,0.8104
196312,0.0145,0.0238,0.0417,0.1093,0.8107
196401,0.0138,0.0233,0.041,0.1085,0.8134
196402,0.014,0.0231,0.0408,0.107,0.8151
196403,0.014,0.0233,0.0411,0.1086,0.813
196404,0.0141,0.0239,0.0419,0.1102,0.81
196405,0.0139,0.0235,0.0411,0.109,0.8124
196406,0.0138,0.0236,0.041,0.1096,0.8121
196407,0.0141,0.0227,0.0413,0.1062,0.8157
196408,0.0143,0.0227,0.0416,0.1053,0.8161
196409,0.0144,0.0226,0.0415,0.1067,0.8148
196410,0.0145,0.0225,0.0413,0.1066,0.8151
196411,0.0147,0.0226,0.042,0.1074,0.8134
196412,0.0147,0.0224,0.042,0.1073,0.8135
196501,0.0143,0.0221,0.0414,0.1064,0.8157
196502,0.0148,0.0226,0.0419,0.1074,0.8133
196503,0.015,0.0234,0.0434,0.11,0.8082
196504,0.0155,0.0236,0.0437,0.1109,0.8063
196505,0.0156,0.0237,0.044,0.111,0.8057
196506,0.0155,0.0237,0.0435,0.1107,0.8065
196507,0.0161,0.0213,0.0429,0.1105,0.8091
196508,0.0164,0.0216,0.0436,0.112,0.8064
196509,0.0165,0.0221,0.0449,0.1135,0.803
196510,0.0165,0.0222,0.0447,0.1133,0.8033
196511,0.0172,0.0225,0.0455,0.1146,0.8002
196512,0.0181,0.0235,0.0472,0.1183,0.7929
196601,0.0188,0.024,0.0478,0.1194,0.79
196602,0.0201,0.0251,0.0488,0.1218,0.7842
196603,0.0214,0.0261,0.0505,0.124,0.778
196604,0.0216,0.0258,0.05,0.1242,0.7784
196605,0.0223,0.0265,0.0504,0.1251,0.7757
196606,0.0208,0.025,0.0486,0.1234,0.7821
196607,0.0203,0.0267,0.0497,0.1207,0.7826
196608,0.0202,0.0266,0.0497,0.1201,0.7834
196609,0.0195,0.0257,0.0489,0.1194,0.7864
196610,0.0192,0.0253,0.0481,0.1188,0.7885
196611,0.0174,0.0237,0.047,0.1167,0.7951
196612,0.0179,0.0242,0.0481,0.1192,0.7905
196701,0.0181,0.0246,0.0486,0.1216,0.7871
196702,0.02,0.0267,0.0512,0.1233,0.7788
196703,0.021,0.027,0.0515,0.1229,0.7776
196704,0.0214,0.0274,0.0517,0.1241,0.7754
196705,0.0215,0.0271,0.0507,0.1232,0.7775
196706,0.0224,0.0277,0.0513,0.1267,0.7719
196707,0.0237,0.0293,0.0536,0.1289,0.7645
196708,0.0248,0.0302,0.0544,0.1294,0.7612
196709,0.0251,0.0303,0.055,0.128,0.7615
196710,0.0263,0.0306,0.0551,0.1275,0.7606
196711,0.0265,0.0307,0.0547,0.1243,0.7638
196712,0.0263,0.0307,0.0549,0.1238,0.7642
196801,0.0282,0.0315,0.0549,0.1236,0.7619
196802,0.0304,0.0322,0.0558,0.124,0.7577
196803,0.0291,0.0312,0.0553,0.1227,0.7617
196804,0.0287,0.0308,0.0551,0.12,0.7654
196805,0.0308,0.0317,0.0569,0.1217,0.759
196806,0.0336,0.0329,0.0591,0.1236,0.7508
196807,0.0323,0.0358,0.0602,0.1293,0.7424
196808,0.0321,0.0352,0.0596,0.1276,0.7456
196809,0.0332,0.0356,0.0601,0.1282,0.7429
196810,0.034,0.036,0.0607,0.1307,0.7385
196811,0.0338,0.0359,0.0608,0.1309,0.7386
196812,0.0342,0.0368,0.0622,0.1326,0.7343
196901,0.036,0.0373,0.0629,0.1333,0.7306
196902,0.0357,0.037,0.0622,0.1338,0.7312
196903,0.0338,0.0357,0.0605,0.1311,0.739
196904,0.0337,0.0356,0.0593,0.1291,0.7422
196905,0.0334,0.0355,0.0589,0.1276,0.7446
196906,0.0337,0.0353,0.0593,0.1274,0.7443
196907,0.0316,0.0362,0.0593,0.1308,0.7421
196908,0.03,0.0349,0.0576,0.1301,0.7474
196909,0.0299,0.0351,0.0582,0.131,0.7458
196910,0.0295,0.0359,0.0589,0.1318,0.744
196911,0.0309,0.037,0.0603,0.1343,0.7375
196912,0.0296,0.0364,0.0593,0.1339,0.7408
197001,0.0278,0.0348,0.0583,0.1337,0.7455
197002,0.029,0.0357,0.0588,0.1332,0.7433
197003,0.0284,0.0353,0.0583,0.1332,0.7448
197004,0.0273,0.0345,0.0579,0.1331,0.7472
197005,0.0248,0.0316,0.0552,0.1303,0.758
197006,0.0239,0.0303,0.0528,0.1271,0.7659
197007,0.0242,0.029,0.0557,0.1265,0.7645
197008,0.0236,0.0291,0.0556,0.1275,0.7642
197009,0.024,0.0299,0.0565,0.1286,0.761
197010,0.0264,0.0324,0.0593,0.131,0.751
197011,0.0248,0.0312,0.0575,0.1279,0.7587
197012,0.0232,0.0303,0.0563,0.1276,0.7625
197101,0.0239,0.0309,0.0576,0.1305,0.7571
197102,0.0262,0.0325,0.0594,0.1336,0.7483
197103,0.0273,0.0329,0.06,0.1348,0.745
197104,0.0278,0.0333,0.0611,0.1355,0.7423
197105,0.0273,0.0332,0.0616,0.136,0.742
197106,0.0267,0.0331,0.0612,0.1368,0.7421
197107,0.0268,0.0331,0.0596,0.1354,0.7451
197108,0.026,0.0324,0.0588,0.135,0.7477
197109,0.0262,0.0328,0.0597,0.1363,0.7451
197110,0.0262,0.0326,0.0597,0.1363,0.7452
197111,0.0254,0.0321,0.0586,0.1366,0.7473
197112,0.0242,0.0313,0.0575,0.1344,0.7526
197201,0.025,0.0321,0.0588,0.1359,0.7483
197202,0.0275,0.0336,0.0602,0.1363,0.7422
197203,0.0278,0.0339,0.0606,0.1357,0.742
197204,0.0274,0.0338,0.0608,0.1356,0.7424
197205,0.0273,0.0339,0.0606,0.1349,0.7432
197206,0.0262,0.0329,0.0595,0.1336,0.7478
197207,0.0252,0.0307,0.0576,0.137,0.7495
197208,0.0242,0.0294,0.0567,0.1333,0.7564
197209,0.0234,0.0287,0.0563,0.133,0.7587
197210,0.0225,0.0281,0.0554,0.131,0.7631
197211,0.0217,0.0277,0.0541,0.1298,0.7667
197212,0.0217,0.0279,0.0544,0.133,0.7631
197301,0.0209,0.0271,0.0533,0.1302,0.7685
197302,0.0206,0.0261,0.0514,0.1252,0.7768
197303,0.0196,0.0251,0.0495,0.1229,0.7828
197304,0.0192,0.0246,0.0483,0.1203,0.7877
197305,0.0186,0.0238,0.0473,0.118,0.7924
197306,0.0172,0.0222,0.045,0.1145,0.801
197307,0.0275,0.0271,0.0543,0.1192,0.7718
197308,0.0298,0.0291,0.0564,0.1235,0.7613
197309,0.029,0.0286,0.0562,0.125,0.7611
197310,0.03,0.03,0.0588,0.1313,0.7499
197311,0.03,0.0297,0.0585,0.1302,0.7515
197312,0.0273,0.0273,0.0548,0.124,0.7665
197401,0.0258,0.0266,0.0541,0.1259,0.7677
197402,0.0292,0.0289,0.0574,0.1283,0.7561
197403,0.0291,0.0294,0.0574,0.1292,0.7549
197404,0.03,0.0296,0.0577,0.1279,0.7548
197405,0.0297,0.0292,0.0569,0.1257,0.7586
197406,0.0285,0.0278,0.0543,0.1215,0.7679
197407,0.0272,0.0283,0.0555,0.1194,0.7697
197408,0.0277,0.0293,0.0577,0.1222,0.7632
197409,0.028,0.0294,0.0574,0.1216,0.7637
197410,0.0285,0.0302,0.0588,0.1251,0.7575
197411,0.0266,0.0283,0.0559,0.122,0.7672
197412,0.0262,0.0276,0.056,0.1245,0.7657
197501,0.0246,0.0264,0.0544,0.1229,0.7716
197502,0.0279,0.0293,0.0587,0.1288,0.7553
197503,0.0276,0.0289,0.0579,0.1262,0.7594
197504,0.029,0.0299,0.0593,0.1293,0.7524
197505,0.0289,0.0295,0.0591,0.1294,0.753
197506,0.0298,0.0304,0.0591,0.1303,0.7504
197507,0.0294,0.0321,0.0593,0.1334,0.7458
197508,0.0311,0.033,0.0601,0.1335,0.7422
197509,0.0299,0.032,0.0593,0.1322,0.7466
197510,0.0298,0.0318,0.059,0.1318,0.7476
197511,0.0286,0.0308,0.0573,0.1318,0.7515
197512,0.0283,0.0305,0.0573,0.1332,0.7507
197601,0.0281,0.0302,0.0578,0.1338,0.7501
197602,0.0302,0.0318,0.0596,0.1366,0.7418
197603,0.0336,0.0342,0.0626,0.1401,0.7295
197604,0.0332,0.0336,0.0617,0.1388,0.7327
197605,0.033,0.0336,0.0615,0.1379,0.734
197606,0.0323,0.0331,0.0609,0.1374,0.7362
197607,0.0304,0.035,0.0634,0.1324,0.7388
197608,0.0304,0.0351,0.0636,0.1332,0.7378
197609,0.0298,0.0343,0.0627,0.1326,0.7406
197610,0.0295,0.0345,0.0627,0.1322,0.741
197611,0.0295,0.0345,0.0626,0.1326,0.7408
197612,0.0302,0.0353,0.065,0.1367,0.7329
197701,0.0312,0.0362,0.0659,0.1385,0.7282
197702,0.0338,0.0382,0.0683,0.1403,0.7194
197703,0.0343,0.0387,0.0678,0.1396,0.7197
197704,0.0348,0.039,0.0686,0.141,0.7165
197705,0.0351,0.0392,0.0692,0.1426,0.714
197706,0.0357,0.0397,0.0702,0.1431,0.7114
197707,0.0352,0.0391,0.0695,0.139,0.7172
197708,0.0359,0.0393,0.0696,0.1382,0.717
197709,0.0361,0.0395,0.0706,0.1374,0.7164
197710,0.0366,0.0395,0.0709,0.1379,0.7151
197711,0.037,0.04,0.0716,0.1381,0.7133
197712,0.0385,0.0416,0.0731,0.1405,0.7063
197801,0.0389,0.0416,0.0728,0.1397,0.707
197802,0.0406,0.0425,0.0737,0.1398,0.7034
197803,0.0423,0.0437,0.0751,0.1405,0.6984
197804,0.0438,0.0452,0.0759,0.1418,0.6933
197805,0.0435,0.0447,0.0745,0.1395,0.6978
197806,0.0454,0.0461,0.0769,0.141,0.6906
197807,0.0424,0.0471,0.0787,0.144,0.6877
197808,0.0422,0.0473,0.0783,0.1441,0.6881
197809,0.0443,0.0491,0.0808,0.1456,0.6802
197810,0.0444,0.0488,0.0795,0.1448,0.6825
197811,0.0385,0.0439,0.074,0.1402,0.7033
197812,0.0395,0.045,0.0753,0.1401,0.7001
197901,0.0393,0.0445,0.0748,0.1386,0.7028
197902,0.0411,0.0457,0.076,0.1394,0.6978
197903,0.0414,0.0455,0.0767,0.1389,0.6976
197904,0.0421,0.0463,0.079,0.1405,0.6921
197905,0.0429,0.0467,0.0796,0.1408,0.6899
197906,0.043,0.0466,0.079,0.1417,0.6897
197907,0.0407,0.0482,0.0797,0.1514,0.6802
197908,0.0408,0.0486,0.0814,0.1525,0.6766
197909,0.0415,0.0494,0.0826,0.1527,0.6738
197910,0.0412,0.0489,0.0822,0.1517,0.6759
197911,0.0394,0.0469,0.0798,0.1494,0.6845
197912,0.0401,0.0478,0.0812,0.152,0.6788
198001,0.0417,0.0492,0.0818,0.1524,0.6749
198002,0.0434,0.0494,0.082,0.152,0.6733
198003,0.0432,0.0488,0.0804,0.1488,0.6788
198004,0.0393,0.045,0.0759,0.1455,0.6944
198005,0.0394,0.045,0.0774,0.1468,0.6914
198006,0.0399,0.0463,0.079,0.1497,0.6851
198007,0.0349,0.0497,0.0781,0.1499,0.6874
198008,0.0359,0.0514,0.0798,0.1502,0.6828
198009,0.038,0.0527,0.0819,0.1508,0.6766
198010,0.0382,0.0526,0.0818,0.1501,0.6772
198011,0.0393,0.0534,0.0814,0.147,0.6788
198012,0.0382,0.0524,0.0789,0.1441,0.6864
198101,0.0372,0.0521,0.0792,0.1452,0.6863
198102,0.0383,0.0534,0.0811,0.1471,0.68
198103,0.0376,0.053,0.0814,0.1476,0.6804
198104,0.039,0.0549,0.0833,0.1528,0.67
198105,0.0411,0.057,0.0853,0.1545,0.6622
198106,0.0424,0.0585,0.0862,0.1569,0.656
198107,0.0428,0.0548,0.0875,0.1576,0.6573
198108,0.0415,0.0539,0.0857,0.1552,0.6636
198109,0.0404,0.0532,0.0858,0.1566,0.664
198110,0.0389,0.0523,0.0855,0.156,0.6674
198111,0.0396,0.0533,0.086,0.156,0.6651
198112,0.0387,0.0531,0.0848,0.1572,0.6662
198201,0.0387,0.0533,0.0849,0.1571,0.666
198202,0.0387,0.0523,0.0832,0.1545,0.6713
198203,0.0392,0.0529,0.0848,0.1558,0.6673
198204,0.039,0.0531,0.0856,0.155,0.6673
198205,0.0391,0.0539,0.0867,0.1563,0.664
198206,0.0399,0.0538,0.0861,0.1555,0.6647
198207,0.041,0.0526,0.0848,0.147,0.6747
198208,0.041,0.0528,0.0849,0.1449,0.6763
198209,0.039,0.0509,0.0845,0.1457,0.68
198210,0.0396,0.0517,0.0863,0.1474,0.6751
198211,0.0405,0.0526,0.0878,0.1499,0.6692
198212,0.0427,0.0544,0.0908,0.1522,0.6599
198301,0.0429,0.0536,0.0899,0.1507,0.6629
198302,0.0451,0.0548,0.0904,0.1493,0.6604
198303,0.0463,0.0563,0.0921,0.1495,0.6558
198304,0.047,0.0568,0.0929,0.1491,0.6542
198305,0.0472,0.057,0.0927,0.1475,0.6556
198306,0.0513,0.0598,0.0958,0.1515,0.6416
198307,0.0495,0.0604,0.0876,0.1596,0.6429
198308,0.0497,0.0603,0.0886,0.159,0.6425
198309,0.0477,0.0585,0.0856,0.1585,0.6498
198310,0.0466,0.0588,0.0872,0.1594,0.648
198311,0.0446,0.0566,0.0853,0.1577,0.6558
198312,0.0453,0.0583,0.0872,0.1607,0.6486
198401,0.0447,0.0579,0.087,0.1581,0.6524
198402,0.0453,0.0577,0.0843,0.1559,0.6567
198403,0.0444,0.0565,0.0831,0.1545,0.6615
198404,0.0442,0.0556,0.0835,0.1549,0.6618
198405,0.043,0.055,0.0831,0.1518,0.6672
198406,0.0437,0.0551,0.083,0.1539,0.6643
198407,0.0513,0.0609,0.091,0.1561,0.6407
198408,0.0497,0.0595,0.0902,0.1545,0.646
198409,0.0494,0.0599,0.0908,0.1546,0.6453
198410,0.0491,0.0597,0.091,0.1559,0.6443
198411,0.0477,0.0594,0.0898,0.1556,0.6474
198412,0.0464,0.0586,0.0902,0.156,0.6489
198501,0.0454,0.0581,0.0904,0.1566,0.6495
198502,0.047,0.0595,0.0915,0.158,0.6439
198503,0.0479,0.0602,0.0906,0.1574,0.6438
198504,0.0468,0.0592,0.0898,0.1574,0.6469
198505,0.0462,0.0587,0.0892,0.1557,0.6502
198506,0.0452,0.0584,0.089,0.1575,0.6498
198507,0.0412,0.0527,0.0889,0.1644,0.6528
198508,0.0421,0.0543,0.0903,0.1638,0.6495
198509,0.0423,0.0548,0.0905,0.1637,0.6488
198510,0.0412,0.0536,0.0897,0.1622,0.6533
198511,0.0402,0.0533,0.0888,0.1635,0.6542
198512,0.0398,0.0536,0.0882,0.1626,0.6557
198601,0.0396,0.0534,0.0875,0.1623,0.6572
198602,0.0403,0.0535,0.0881,0.164,0.6541
198603,0.0399,0.053,0.0873,0.1642,0.6557
198604,0.0399,0.0527,0.0874,0.1628,0.6572
198605,0.0408,0.0538,0.0888,0.162,0.6544
198606,0.0405,0.0527,0.088,0.1628,0.6559
198607,0.0381,0.0495,0.0904,0.1602,0.6618
198608,0.0368,0.0478,0.0884,0.1579,0.6691
198609,0.0348,0.0466,0.0868,0.1594,0.6724
198610,0.0355,0.0474,0.0878,0.1607,0.6685
198611,0.0344,0.0471,0.0851,0.1614,0.6721
198612,0.0333,0.0456,0.0828,0.1592,0.6792
198701,0.0327,0.0453,0.0829,0.1575,0.6816
198702,0.0321,0.045,0.082,0.1561,0.6848
198703,0.0329,0.0467,0.0833,0.1579,0.6792
198704,0.0329,0.0465,0.0825,0.156,0.6821
198705,0.0327,0.0454,0.0812,0.1542,0.6865
198706,0.0326,0.045,0.0809,0.1542,0.6873
198707,0.0373,0.0437,0.0864,0.1508,0.6818
198708,0.0366,0.0428,0.0853,0.1514,0.6838
198709,0.0358,0.0424,0.0847,0.1497,0.6874
198710,0.0358,0.0426,0.0841,0.1494,0.688
198711,0.0316,0.0384,0.079,0.1436,0.7074
198712,0.0321,0.0392,0.0818,0.1469,0.7
198801,0.031,0.0396,0.0826,0.1476,0.6992
198802,0.031,0.0392,0.0817,0.1469,0.7012
198803,0.0316,0.0408,0.0821,0.1512,0.6943
198804,0.0335,0.0429,0.084,0.1557,0.6838
198805,0.0336,0.0433,0.0834,0.1531,0.6866
198806,0.0327,0.0415,0.0827,0.1508,0.6923
198807,0.0324,0.0444,0.0847,0.1657,0.6729
198808,0.0323,0.044,0.0835,0.1646,0.6757
198809,0.0323,0.0435,0.0836,0.1661,0.6745
198810,0.0315,0.0429,0.0825,0.164,0.6791
198811,0.0301,0.0416,0.081,0.1607,0.6867
198812,0.0293,0.0411,0.081,0.1591,0.6895
198901,0.0295,0.042,0.0812,0.1587,0.6887
198902,0.029,0.041,0.0798,0.1577,0.6925
198903,0.0296,0.042,0.0815,0.1604,0.6865
198904,0.0296,0.042,0.0804,0.1593,0.6887
198905,0.029,0.042,0.0809,0.1603,0.6879
198906,0.0287,0.0416,0.0812,0.1583,0.6902
198907,0.0306,0.0487,0.08,0.1568,0.6838
198908,0.0292,0.0469,0.077,0.1551,0.6918
198909,0.0289,0.0472,0.078,0.1571,0.6888
198910,0.029,0.0479,0.0775,0.1558,0.6898
198911,0.0281,0.0461,0.0754,0.1535,0.6969
198912,0.0274,0.0455,0.0746,0.1528,0.6997
199001,0.0267,0.0447,0.0732,0.1528,0.7026
199002,0.0266,0.0437,0.0722,0.1521,0.7054
199003,0.0267,0.0445,0.0722,0.1526,0.7041
199004,0.0267,0.0452,0.0724,0.1524,0.7033
199005,0.0266,0.0447,0.0717,0.1493,0.7076
199006,0.0259,0.0442,0.0705,0.1487,0.7107
199007,0.0245,0.0444,0.0724,0.1468,0.712
199008,0.0237,0.0429,0.0703,0.1435,0.7195
199009,0.0226,0.0413,0.0685,0.1408,0.7268
199010,0.0218,0.0394,0.0663,0.1383,0.7343
199011,0.0205,0.0376,0.0636,0.1354,0.7429
199012,0.0198,0.0378,0.0647,0.138,0.7397
199101,0.0193,0.0384,0.0657,0.1398,0.7368
199102,0.02,0.0394,0.0674,0.1413,0.7319
199103,0.0211,0.0407,0.0687,0.1427,0.7269
199104,0.022,0.0417,0.0698,0.1439,0.7225
199105,0.0221,0.0418,0.0698,0.1443,0.7219
199106,0.022,0.042,0.07,0.1458,0.7202
199107,0.0215,0.0411,0.0685,0.1446,0.7243
199108,0.021,0.0407,0.0687,0.1442,0.7254
199109,0.0212,0.0412,0.07,0.1441,0.7235
199110,0.0217,0.0417,0.0705,0.1448,0.7213
199111,0.022,0.0417,0.0709,0.1453,0.7201
199112,0.0222,0.0413,0.0702,0.1449,0.7215
199201,0.0209,0.0402,0.0701,0.1439,0.7249
199202,0.024,0.0433,0.0735,0.1465,0.7127
199203,0.0248,0.0436,0.0744,0.1475,0.7096
199204,0.0245,0.0431,0.0746,0.1464,0.7114
199205,0.0228,0.041,0.0718,0.1455,0.7189
199206,0.0226,0.0413,0.0715,0.1454,0.7192
199207,0.0232,0.0417,0.0689,0.1387,0.7275
199208,0.0226,0.0412,0.0694,0.1388,0.7279
199209,0.0224,0.0411,0.0689,0.1385,0.7291
199210,0.0223,0.0411,0.069,0.1389,0.7287
199211,0.0225,0.0421,0.0705,0.1411,0.7238
199212,0.0236,0.0435,0.0721,0.1422,0.7186
199301,0.024,0.044,0.0734,0.1439,0.7147
199302,0.0249,0.0448,0.0741,0.1458,0.7104
199303,0.024,0.0435,0.0723,0.1441,0.7161
199304,0.024,0.0435,0.0735,0.1457,0.7133
199305,0.024,0.0435,0.0732,0.1457,0.7136
199306,0.0243,0.0442,0.0744,0.1467,0.7103
199307,0.0293,0.0479,0.071,0.1481,0.7037
199308,0.0295,0.0483,0.0713,0.1486,0.7023
199309,0.0295,0.0486,0.0714,0.1501,0.7004
199310,0.0304,0.05,0.0726,0.1499,0.6971
199311,0.0312,0.0504,0.0723,0.1484,0.6977
199312,0.0307,0.0495,0.0714,0.1463,0.702
199401,0.0305,0.0502,0.0734,0.1493,0.6967
199402,0.0311,0.0498,0.0729,0.1495,0.6967
199403,0.0316,0.0509,0.0748,0.151,0.6918
199404,0.0311,0.05,0.0744,0.1506,0.6939
199405,0.0303,0.0496,0.074,0.1504,0.6956
199406,0.0296,0.0481,0.0723,0.1486,0.7013
199407,0.0391,0.0473,0.0726,0.144,0.697
199408,0.038,0.0469,0.0724,0.1445,0.6982
199409,0.0378,0.0475,0.0738,0.1456,0.6953
199410,0.039,0.0484,0.0742,0.1453,0.693
199411,0.0383,0.0472,0.0735,0.1435,0.6976
199412,0.0381,0.0471,0.0726,0.1426,0.6996
199501,0.0371,0.0468,0.0731,0.1424,0.7006
199502,0.0369,0.0453,0.0706,0.1413,0.7059
199503,0.0363,0.0453,0.0711,0.1414,0.7058
199504,0.0357,0.0453,0.0709,0.1404,0.7077
199505,0.0356,0.0451,0.0694,0.1385,0.7115
199506,0.035,0.044,0.0681,0.1373,0.7156
199507,0.0351,0.046,0.0671,0.1414,0.7104
199508,0.0356,0.047,0.0679,0.1432,0.7064
199509,0.0367,0.0473,0.0681,0.1438,0.704
199510,0.0361,0.0461,0.0668,0.1424,0.7086
199511,0.0346,0.0436,0.0656,0.1408,0.7155
199512,0.0336,0.0439,0.0661,0.1414,0.715
199601,0.0336,0.0443,0.0658,0.1387,0.7177
199602,0.033,0.0428,0.0635,0.1377,0.7231
199603,0.0332,0.0431,0.0642,0.1381,0.7214
199604,0.0339,0.0438,0.0655,0.1386,0.7183
199605,0.0356,0.0454,0.0663,0.14,0.7127
199606,0.0368,0.0464,0.0662,0.1386,0.712
199607,0.035,0.0479,0.069,0.1299,0.7183
199608,0.0336,0.0456,0.0668,0.1283,0.7257
199609,0.0338,0.0467,0.0694,0.1307,0.7194
199610,0.0329,0.0459,0.0691,0.1296,0.7225
199611,0.0317,0.0444,0.0662,0.1272,0.7305
199612,0.0303,0.0428,0.0646,0.1262,0.7361
199701,0.0309,0.0444,0.0659,0.1271,0.7316
199702,0.0307,0.0429,0.0634,0.1243,0.7388
199703,0.0297,0.0413,0.062,0.1241,0.7429
199704,0.0295,0.041,0.0619,0.1235,0.7441
199705,0.0271,0.0387,0.0592,0.1203,0.7546
199706,0.0277,0.0406,0.0611,0.1219,0.7486
199707,0.0321,0.0402,0.059,0.1172,0.7515
199708,0.0315,0.039,0.0578,0.1161,0.7556
199709,0.034,0.0416,0.0604,0.1205,0.7435
199710,0.0351,0.0422,0.0603,0.1195,0.743
199711,0.035,0.0414,0.0596,0.1177,0.7463
199712,0.0329,0.0388,0.057,0.1153,0.756
199801,0.0315,0.0383,0.0563,0.1153,0.7585
199802,0.0309,0.0374,0.0548,0.1134,0.7636
199803,0.0302,0.0373,0.0551,0.1132,0.7642
199804,0.0299,0.037,0.0546,0.113,0.7656
199805,0.0301,0.0369,0.054,0.1113,0.7678
199806,0.0293,0.0356,0.052,0.1084,0.7747
199807,0.0267,0.0338,0.0546,0.1063,0.7786
199808,0.0252,0.0315,0.0512,0.1016,0.7904
199809,0.0234,0.0297,0.0487,0.0988,0.7994
199810,0.0227,0.0301,0.049,0.0988,0.7994
199811,0.0216,0.0293,0.0478,0.0983,0.803
199812,0.0218,0.029,0.0472,0.0966,0.8055
199901,0.0209,0.0287,0.0475,0.0961,0.8067
199902,0.0212,0.0279,0.0461,0.0913,0.8136
199903,0.0204,0.0261,0.0444,0.09,0.8191
199904,0.0189,0.0251,0.0435,0.0891,0.8234
199905,0.0197,0.0262,0.0456,0.0923,0.8161
199906,0.0205,0.0273,0.0467,0.0943,0.8111
199907,0.0174,0.0262,0.0385,0.0881,0.8298
199908,0.0181,0.0263,0.0387,0.0879,0.829
199909,0.0176,0.0255,0.0375,0.0861,0.8333
199910,0.0178,0.026,0.0381,0.0868,0.8312
199911,0.0163,0.0238,0.0351,0.0845,0.8403
199912,0.0174,0.0246,0.036,0.0857,0.8362
200001,0.0187,0.0251,0.0364,0.0885,0.8313
200002,0.0204,0.0257,0.036,0.0881,0.8297
200003,0.0256,0.0293,0.0393,0.096,0.8097
200004,0.0211,0.0253,0.0354,0.0932,0.8249
200005,0.0185,0.0243,0.0355,0.0937,0.828
200006,0.0174,0.0232,0.0356,0.0926,0.8312
200007,0.0126,0.0209,0.0391,0.0823,0.8451
200008,0.0125,0.0207,0.0386,0.0812,0.847
200009,0.0123,0.0202,0.0383,0.082,0.8472
200010,0.0124,0.0205,0.0384,0.0818,0.847
200011,0.0116,0.0201,0.0374,0.0821,0.8488
200012,0.0115,0.02,0.0375,0.0837,0.8474
200101,0.0113,0.0212,0.0406,0.0902,0.8368
200102,0.0126,0.022,0.0408,0.0897,0.8348
200103,0.0132,0.023,0.0419,0.0918,0.8301
200104,0.0137,0.0236,0.0423,0.0925,0.828
200105,0.0132,0.0233,0.0421,0.0939,0.8275
200106,0.0144,0.0239,0.0424,0.095,0.8244
200107,0.0171,0.0306,0.0503,0.0941,0.8078
200108,0.0168,0.0291,0.0485,0.0935,0.8121
200109,0.0173,0.0295,0.0495,0.0949,0.8088
200110,0.0166,0.0272,0.0469,0.0896,0.8197
200111,0.0169,0.0282,0.0489,0.0907,0.8153
200112,0.0165,0.0285,0.0487,0.0913,0.815
200201,0.0174,0.0301,0.0509,0.0927,0.8089
200202,0.0178,0.0299,0.0505,0.0923,0.8095
200203,0.0173,0.0295,0.0502,0.0934,0.8096
200204,0.0178,0.0307,0.0518,0.0952,0.8046
200205,0.019,0.0328,0.0544,0.0991,0.7947
200206,0.0188,0.0314,0.0527,0.099,0.7981
200207,0.0245,0.0348,0.0521,0.1008,0.7878
200208,0.0228,0.0317,0.0506,0.0978,0.7972
200209,0.0222,0.0316,0.051,0.0975,0.7976
200210,0.0227,0.0327,0.0517,0.0973,0.7956
200211,0.0216,0.0315,0.0502,0.0945,0.8022
200212,0.0227,0.0326,0.0513,0.0973,0.7962
200301,0.0226,0.0322,0.0517,0.0974,0.7961
200302,0.023,0.0321,0.0514,0.0982,0.7954
200303,0.0226,0.0317,0.0508,0.0978,0.7971
200304,0.0227,0.032,0.051,0.0974,0.7969
200305,0.0229,0.0324,0.0515,0.0977,0.7955
200306,0.0244,0.0337,0.053,0.1008,0.7881
200307,0.0246,0.0336,0.0527,0.0992,0.7899
200308,0.026,0.0349,0.0533,0.1004,0.7854
200309,0.0267,0.0357,0.0548,0.1027,0.7802
200310,0.0275,0.0352,0.0539,0.1025,0.7809
200311,0.0282,0.0359,0.0551,0.1047,0.7761
200312,0.029,0.0364,0.0561,0.1061,0.7724
200401,0.0282,0.0357,0.0552,0.104,0.7769
200402,0.0294,0.0362,0.0558,0.1044,0.7743
200403,0.0289,0.036,0.056,0.1047,0.7744
200404,0.0292,0.0369,0.0575,0.1063,0.7701
200405,0.028,0.0359,0.0561,0.1048,0.7752
200406,0.0274,0.0359,0.0563,0.1056,0.7748
200407,0.0325,0.0366,0.0562,0.1094,0.7652
200408,0.031,0.0356,0.0549,0.1076,0.7709
200409,0.0305,0.0351,0.0543,0.107,0.7732
200410,0.0312,0.0366,0.0554,0.1088,0.768
200411,0.0311,0.0367,0.0558,0.11,0.7664
200412,0.0325,0.0381,0.0573,0.1126,0.7595
200501,0.0327,0.0378,0.0574,0.1134,0.7587
200502,0.032,0.0373,0.057,0.113,0.7606
200503,0.0315,0.0376,0.057,0.1136,0.7603
200504,0.0308,0.0372,0.0568,0.1136,0.7617
200505,0.0294,0.0354,0.055,0.112,0.7683
200506,0.0298,0.0366,0.0558,0.1136,0.7642
200507,0.0343,0.039,0.0544,0.1188,0.7535
200508,0.0355,0.0401,0.0552,0.1204,0.7489
200509,0.0353,0.0398,0.0548,0.1205,0.7496
200510,0.0352,0.0399,0.0548,0.121,0.7492
200511,0.0346,0.0393,0.0541,0.1193,0.7528
200512,0.0347,0.0394,0.0546,0.1194,0.7519
200601,0.0347,0.0392,0.0549,0.1202,0.7509
200602,0.0366,0.0412,0.0563,0.1214,0.7446
200603,0.0364,0.041,0.0553,0.1207,0.7465
200604,0.0377,0.0423,0.0564,0.1215,0.7421
200605,0.0371,0.042,0.0561,0.1211,0.7437
200606,0.0359,0.0411,0.055,0.1195,0.7485
200607,0.0368,0.0392,0.0608,0.1167,0.7465
200608,0.0354,0.0379,0.0589,0.1128,0.755
200609,0.0355,0.0382,0.0587,0.1126,0.755
200610,0.0348,0.0375,0.0578,0.1122,0.7576
