date,1,2,3,4,5
192806,0.3562,0.263,0.2105,0.1383,0.032
192807,0.3568,0.2242,0.2699,0.1128,0.0363
192808,0.3598,0.2226,0.2691,0.1122,0.0363
192809,0.3659,0.2229,0.2648,0.1103,0.0361
192810,0.3657,0.2217,0.2649,0.1098,0.0379
192811,0.3661,0.2233,0.264,0.109,0.0377
192812,0.3631,0.2211,0.2709,0.1067,0.0383
192901,0.3641,0.2229,0.2678,0.1074,0.0378
192902,0.3677,0.2304,0.26,0.1055,0.0364
192903,0.3642,0.2331,0.2594,0.1061,0.0372
192904,0.3614,0.2306,0.2663,0.1052,0.0366
192905,0.3632,0.2323,0.2648,0.1028,0.0369
192906,0.3609,0.2286,0.2697,0.1036,0.0371
192907,0.3811,0.1929,0.2347,0.151,0.0404
192908,0.3739,0.1953,0.2359,0.1541,0.0408
192909,0.3644,0.196,0.2423,0.158,0.0394
192910,0.3589,0.2008,0.2451,0.1559,0.0392
192911,0.3312,0.1962,0.2606,0.1698,0.0423
192912,0.3267,0.1866,0.2681,0.175,0.0437
193001,0.3326,0.1876,0.2628,0.1729,0.0441
193002,0.339,0.192,0.2542,0.1716,0.0433
193003,0.3403,0.1959,0.2503,0.1697,0.0438
193004,0.3388,0.1939,0.2562,0.1677,0.0434
193005,0.3442,0.1914,0.2605,0.162,0.042
193006,0.3482,0.1928,0.2572,0.1603,0.0415
193007,0.4601,0.265,0.1893,0.0714,0.0143
193008,0.465,0.2627,0.1881,0.0702,0.0141
193009,0.4695,0.2609,0.1873,0.0686,0.0137
193010,0.4685,0.2608,0.1921,0.0662,0.0124
193011,0.4618,0.2655,0.1953,0.0655,0.0118
193012,0.4628,0.2698,0.192,0.0638,0.0116
193101,0.4721,0.2663,0.1903,0.0608,0.0104
193102,0.4662,0.2643,0.1928,0.0652,0.0115
193103,0.4792,0.2618,0.1841,0.0624,0.0124
193104,0.4924,0.2561,0.1792,0.0602,0.0121
193105,0.4951,0.2589,0.1758,0.0586,0.0115
193106,0.5032,0.2639,0.1674,0.055,0.0105
193107,0.5716,0.2352,0.121,0.0596,0.0127
193108,0.5802,0.2348,0.1157,0.0569,0.0124
193109,0.5731,0.2403,0.1169,0.0571,0.0126
193110,0.5703,0.253,0.1126,0.053,0.0111
193111,0.5772,0.2507,0.1079,0.0528,0.0115
193112,0.595,0.2465,0.0988,0.0484,0.0113
193201,0.6144,0.2392,0.0923,0.0441,0.01
193202,0.604,0.2405,0.0962,0.0482,0.0111
193203,0.6116,0.2391,0.0932,0.0452,0.0109
193204,0.6152,0.2424,0.0895,0.0427,0.0101
193205,0.6187,0.239,0.0895,0.0427,0.0101
193206,0.6206,0.2472,0.0822,0.0397,0.0103
193207,0.6117,0.1881,0.1256,0.0626,0.012
193208,0.5796,0.1914,0.1391,0.0744,0.0155
193209,0.5523,0.1901,0.1521,0.0849,0.0205
193210,0.569,0.1838,0.144,0.0836,0.0196
193211,0.5801,0.1873,0.1388,0.0769,0.0169
193212,0.5903,0.1912,0.1312,0.0728,0.0145
193301,0.6002,0.1938,0.1272,0.0658,0.013
193302,0.5933,0.1929,0.1316,0.0677,0.0145
193303,0.5992,0.1887,0.1316,0.0671,0.0135
193304,0.5803,0.1956,0.1378,0.0714,0.0149
193305,0.5543,0.1998,0.1485,0.0803,0.0172
193306,0.5385,0.1952,0.1522,0.0922,0.0219
193307,0.5393,0.2092,0.1265,0.089,0.0361
193308,0.5471,0.2057,0.1228,0.088,0.0365
193309,0.5319,0.2136,0.1263,0.0894,0.0387
193310,0.5374,0.2211,0.1237,0.085,0.0328
193311,0.5453,0.2279,0.1199,0.0774,0.0295
193312,0.5414,0.2274,0.1223,0.0795,0.0293
193401,0.5386,0.2271,0.1228,0.0808,0.0307
193402,0.5259,0.2226,0.1293,0.0855,0.0368
193403,0.526,0.2233,0.1279,0.0853,0.0376
193404,0.526,0.2242,0.1272,0.085,0.0375
193405,0.5268,0.2265,0.1277,0.0828,0.0363
193406,0.5326,0.2276,0.1276,0.0791,0.0332
193407,0.374,0.3166,0.1868,0.0814,0.0413
193408,0.3885,0.3258,0.1793,0.0737,0.0327
193409,0.388,0.3259,0.1782,0.0737,0.0341
193410,0.3893,0.3251,0.1778,0.0731,0.0347
193411,0.3985,0.3261,0.1729,0.0696,0.0327
193412,0.4069,0.3173,0.1712,0.0727,0.0319
193501,0.4095,0.3166,0.1701,0.0732,0.0307
193502,0.4143,0.3158,0.1711,0.0705,0.0284
193503,0.424,0.317,0.1685,0.0656,0.0249
193504,0.4245,0.3189,0.1709,0.0624,0.0234
193505,0.4164,0.3228,0.1723,0.0642,0.0243
193506,0.412,0.3267,0.1729,0.0637,0.0246
193507,0.4178,0.1966,0.2434,0.0997,0.0424
193508,0.4175,0.1947,0.2393,0.104,0.0446
193509,0.4163,0.1928,0.2385,0.1055,0.0468
193510,0.427,0.188,0.2353,0.1042,0.0455
193511,0.4239,0.1901,0.2353,0.1055,0.0453
193512,0.4137,0.1899,0.2374,0.1077,0.0513
193601,0.407,0.1892,0.2403,0.1104,0.053
193602,0.3935,0.1881,0.2442,0.1164,0.0578
193603,0.3899,0.1859,0.2475,0.1177,0.0591
193604,0.3978,0.186,0.2402,0.119,0.057
193605,0.4026,0.1853,0.2414,0.1154,0.0553
193606,0.4024,0.1835,0.241,0.1163,0.0568
193607,0.4316,0.1381,0.2556,0.1153,0.0594
193608,0.4287,0.1369,0.2535,0.1195,0.0614
193609,0.4238,0.1373,0.2536,0.1216,0.0637
193610,0.424,0.1357,0.2533,0.1232,0.0638
193611,0.4203,0.1319,0.2584,0.1269,0.0625
193612,0.421,0.1332,0.258,0.1263,0.0614
193701,0.4119,0.1328,0.2609,0.132,0.0624
193702,0.4138,0.1332,0.2538,0.1326,0.0666
193703,0.4082,0.1326,0.2532,0.1341,0.072
193704,0.4006,0.1306,0.2536,0.1377,0.0775
193705,0.402,0.1321,0.2556,0.1356,0.0747
193706,0.4058,0.13,0.2577,0.1332,0.0733
193707,0.3417,0.1743,0.2535,0.1346,0.096
193708,0.3407,0.1766,0.249,0.1362,0.0975
193709,0.3465,0.1746,0.2493,0.1349,0.0947
193710,0.3535,0.1703,0.2584,0.1306,0.0871
193711,0.3518,0.1709,0.2667,0.13,0.0807
193712,0.3485,0.1698,0.27,0.1318,0.08
193801,0.3509,0.1679,0.2737,0.1293,0.0782
193802,0.3551,0.1678,0.2708,0.1296,0.0767
193803,0.3558,0.17,0.2677,0.1296,0.0769
193804,0.3598,0.1703,0.2747,0.1268,0.0684
193805,0.3567,0.1709,0.2746,0.1301,0.0677
193806,0.3587,0.1688,0.2788,0.1267,0.067
193807,0.4197,0.3244,0.1208,0.0944,0.0408
193808,0.4222,0.32,0.1207,0.0942,0.0429
193809,0.4336,0.3164,0.1171,0.0922,0.0406
193810,0.4355,0.3171,0.1162,0.0919,0.0393
193811,0.433,0.311,0.1161,0.0965,0.0435
193812,0.4332,0.3147,0.1146,0.0951,0.0424
193901,0.4313,0.3138,0.1144,0.0954,0.0452
193902,0.4317,0.3178,0.1149,0.0934,0.0421
193903,0.428,0.3175,0.115,0.0957,0.0438
193904,0.4339,0.3265,0.1131,0.0891,0.0374
193905,0.4329,0.3288,0.1134,0.0877,0.0372
193906,0.4335,0.3276,0.1121,0.0883,0.0386
193907,0.4232,0.2895,0.1305,0.1221,0.0346
193908,0.4266,0.2857,0.1291,0.1218,0.0368
193909,0.4289,0.2885,0.128,0.1205,0.034
193910,0.4138,0.2769,0.1287,0.1358,0.0447
193911,0.4167,0.2792,0.129,0.1325,0.0427
193912,0.4217,0.2832,0.1293,0.1274,0.0384
194001,0.4255,0.2819,0.1296,0.125,0.0381
194002,0.4271,0.284,0.1299,0.1224,0.0366
194003,0.4251,0.2857,0.1294,0.1229,0.0369
194004,0.4277,0.2823,0.1294,0.1236,0.037
194005,0.4273,0.2814,0.1303,0.124,0.037
194006,0.4276,0.2873,0.1284,0.1231,0.0337
194007,0.4301,0.2835,0.132,0.1159,0.0385
194008,0.4327,0.2808,0.1322,0.116,0.0383
194009,0.4353,0.2786,0.1316,0.1158,0.0387
194010,0.4401,0.2777,0.1291,0.1142,0.0389
194011,0.4287,0.2772,0.1327,0.1202,0.0413
194012,0.4235,0.2808,0.1337,0.1222,0.0398
194101,0.4229,0.2816,0.1329,0.1226,0.04
194102,0.4165,0.283,0.1348,0.1241,0.0416
194103,0.4159,0.283,0.1354,0.1234,0.0422
194104,0.4145,0.2812,0.1365,0.1242,0.0437
194105,0.4101,0.2789,0.1388,0.1268,0.0454
194106,0.4081,0.2789,0.1397,0.128,0.0453
194107,0.4033,0.2767,0.1673,0.1226,0.03
194108,0.398,0.2709,0.1711,0.1268,0.0333
194109,0.4012,0.2721,0.1689,0.1249,0.0329
194110,0.406,0.2708,0.1661,0.1245,0.0325
194111,0.3986,0.2713,0.17,0.1277,0.0323
194112,0.3983,0.27,0.1723,0.1274,0.0319
194201,0.4055,0.2692,0.1725,0.1223,0.0305
194202,0.3925,0.2696,0.1733,0.1302,0.0344
194203,0.392,0.2711,0.1719,0.13,0.035
194204,0.3963,0.2686,0.1692,0.1308,0.0351
194205,0.3991,0.2632,0.1705,0.1319,0.0354
194206,0.4068,0.2641,0.1683,0.1275,0.0332
194207,0.4206,0.3134,0.1137,0.1175,0.0348
194208,0.4152,0.3157,0.1134,0.1197,0.036
194209,0.4132,0.3165,0.1128,0.1207,0.0368
194210,0.4144,0.3152,0.1117,0.1208,0.0379
194211,0.4087,0.3118,0.1141,0.125,0.0403
194212,0.4126,0.3162,0.1137,0.1194,0.038
194301,0.4163,0.3118,0.1139,0.1205,0.0375
194302,0.4114,0.3087,0.1162,0.1231,0.0406
194303,0.4018,0.3093,0.1181,0.127,0.0438
194304,0.3953,0.3062,0.1206,0.1309,0.047
194305,0.39,0.3072,0.1211,0.1315,0.0502
194306,0.3885,0.3046,0.1225,0.1324,0.052
194307,0.4041,0.2904,0.1403,0.1222,0.043
194308,0.401,0.2936,0.1428,0.1211,0.0415
194309,0.4019,0.2945,0.1426,0.1199,0.0411
194310,0.4022,0.2924,0.1429,0.1206,0.0419
194311,0.3993,0.2924,0.1431,0.123,0.0421
194312,0.4037,0.2969,0.1414,0.1196,0.0385
194401,0.4012,0.2955,0.1422,0.1207,0.0404
194402,0.3984,0.2942,0.1432,0.1217,0.0425
194403,0.3971,0.2935,0.1433,0.1217,0.0445
194404,0.3975,0.291,0.1428,0.1229,0.0458
194405,0.3984,0.2914,0.1421,0.123,0.0452
194406,0.397,0.2914,0.1424,0.1229,0.0463
194407,0.3912,0.2972,0.1273,0.0995,0.0848
194408,0.3902,0.2974,0.1275,0.0996,0.0854
194409,0.391,0.296,0.1285,0.0997,0.0847
194410,0.393,0.2939,0.1284,0.1002,0.0846
194411,0.3909,0.2959,0.129,0.0996,0.0846
194412,0.389,0.2962,0.1294,0.1001,0.0852
194501,0.3829,0.2933,0.1307,0.1014,0.0917
194502,0.3804,0.2913,0.1321,0.1044,0.0918
194503,0.3772,0.2895,0.1319,0.106,0.0954
194504,0.3778,0.2913,0.1316,0.1044,0.0949
194505,0.3771,0.2881,0.1317,0.1049,0.0983
194506,0.3773,0.2889,0.1313,0.1039,0.0987
194507,0.3544,0.2129,0.1978,0.1117,0.1232
194508,0.3573,0.2158,0.1962,0.1111,0.1197
194509,0.3659,0.2157,0.1944,0.1086,0.1154
194510,0.367,0.2123,0.1935,0.1096,0.1176
194511,0.3618,0.2108,0.1967,0.1125,0.1182
194512,0.3539,0.211,0.197,0.1148,0.1233
194601,0.3559,0.2102,0.198,0.1145,0.1214
194602,0.3558,0.2084,0.1957,0.1152,0.1249
194603,0.3557,0.2109,0.1973,0.1137,0.1225
194604,0.3534,0.2095,0.2015,0.1154,0.1202
194605,0.3514,0.2093,0.2048,0.1165,0.1181
194606,0.3483,0.2102,0.2022,0.1183,0.121
194607,0.2917,0.1628,0.185,0.2125,0.148
194608,0.2924,0.1605,0.1857,0.2147,0.1467
194609,0.2928,0.1599,0.1851,0.2173,0.1449
194610,0.2929,0.1607,0.1873,0.2202,0.1389
194611,0.29,0.1593,0.1846,0.2236,0.1425
194612,0.289,0.1594,0.1855,0.2242,0.1419
194701,0.2912,0.1609,0.1842,0.2231,0.1405
194702,0.2934,0.1594,0.1849,0.2207,0.1415
194703,0.2966,0.1598,0.1842,0.2192,0.1403
194704,0.2967,0.1586,0.182,0.2233,0.1394
194705,0.2953,0.1565,0.184,0.2255,0.1388
194706,0.2946,0.1568,0.1835,0.2289,0.1363
194707,0.3414,0.1673,0.2704,0.0985,0.1223
194708,0.3394,0.1668,0.2687,0.0987,0.1265
194709,0.3395,0.1666,0.2696,0.0992,0.125
194710,0.3396,0.1664,0.2678,0.1,0.1262
194711,0.3376,0.1683,0.268,0.1,0.1262
194712,0.3381,0.168,0.2687,0.0995,0.1257
194801,0.3345,0.168,0.2685,0.0994,0.1297
194802,0.3321,0.1677,0.2684,0.1007,0.1311
194803,0.3307,0.166,0.2726,0.1001,0.1306
194804,0.3285,0.1684,0.268,0.1011,0.1341
194805,0.3238,0.167,0.2703,0.1007,0.1383
194806,0.3261,0.1693,0.2664,0.1,0.1382
194807,0.3553,0.2088,0.2204,0.1027,0.1129
194808,0.3547,0.2069,0.2226,0.1027,0.113
194809,0.3564,0.206,0.2225,0.1016,0.1136
194810,0.3576,0.2049,0.2249,0.1002,0.1124
194811,0.3583,0.2076,0.2217,0.1,0.1124
194812,0.3612,0.2076,0.2275,0.097,0.1067
194901,0.3676,0.2071,0.2248,0.0956,0.1049
194902,0.3702,0.2043,0.2228,0.0962,0.1065
194903,0.3709,0.2033,0.2254,0.0964,0.1039
194904,0.3722,0.2029,0.222,0.0979,0.1049
194905,0.3714,0.204,0.2231,0.0978,0.1037
194906,0.3748,0.2042,0.2251,0.0955,0.1005
194907,0.4223,0.2844,0.1333,0.1023,0.0577
194908,0.4229,0.283,0.1335,0.1025,0.0582
194909,0.4229,0.2829,0.1342,0.1018,0.0581
194910,0.4228,0.281,0.1348,0.1024,0.0589
194911,0.4244,0.2805,0.1343,0.1022,0.0586
194912,0.4285,0.2791,0.1327,0.1007,0.0589
195001,0.4319,0.2752,0.1309,0.1011,0.0609
195002,0.4291,0.2741,0.1321,0.1011,0.0635
195003,0.431,0.2725,0.1322,0.101,0.0634
195004,0.434,0.2726,0.1313,0.1002,0.0619
195005,0.4379,0.2683,0.1308,0.1001,0.0628
195006,0.4378,0.2689,0.1312,0.1005,0.0616
195007,0.4172,0.2485,0.1598,0.0915,0.0831
195008,0.3964,0.2436,0.167,0.0997,0.0932
195009,0.4011,0.2418,0.1669,0.0984,0.0918
195010,0.4035,0.2403,0.1668,0.0978,0.0916
195011,0.4039,0.2396,0.1653,0.0973,0.0939
195012,0.4021,0.2385,0.1666,0.0986,0.0943
195101,0.3936,0.2363,0.1681,0.102,0.0999
195102,0.3902,0.2336,0.17,0.1025,0.1038
195103,0.3935,0.2339,0.1709,0.1011,0.1007
195104,0.3996,0.2352,0.169,0.0989,0.0974
195105,0.3975,0.2308,0.1728,0.0997,0.0991
195106,0.398,0.2323,0.1728,0.0997,0.0972
195107,0.4067,0.1749,0.2435,0.1144,0.0605
195108,0.4069,0.1727,0.2431,0.1156,0.0618
195109,0.4047,0.1743,0.2434,0.1163,0.0613
195110,0.4042,0.175,0.2413,0.1166,0.0629
195111,0.3977,0.1749,0.2469,0.1186,0.0619
195112,0.3981,0.1759,0.2458,0.1174,0.0627
195201,0.4028,0.1746,0.2466,0.1151,0.061
195202,0.3966,0.175,0.249,0.1181,0.0613
195203,0.3983,0.1756,0.2471,0.1174,0.0617
195204,0.3983,0.1755,0.2451,0.1185,0.0626
195205,0.3982,0.1766,0.246,0.1164,0.0628
195206,0.4008,0.1757,0.2444,0.1163,0.0629
195207,0.4509,0.227,0.1844,0.0676,0.07
195208,0.4509,0.2275,0.1832,0.0683,0.07
195209,0.4502,0.2273,0.1846,0.0682,0.0697
195210,0.4505,0.2283,0.1841,0.0678,0.0693
195211,0.4501,0.229,0.1843,0.0673,0.0694
195212,0.451,0.2288,0.1824,0.0676,0.0702
195301,0.4515,0.2293,0.1816,0.067,0.0706
195302,0.4486,0.2287,0.1825,0.0687,0.0715
195303,0.447,0.2294,0.1834,0.069,0.0711
195304,0.4488,0.2299,0.183,0.0679,0.0704
195305,0.4474,0.2292,0.184,0.0686,0.0708
195306,0.4487,0.2271,0.1844,0.0681,0.0717
195307,0.4117,0.3199,0.1305,0.0797,0.0582
195308,0.4124,0.3208,0.1303,0.079,0.0575
195309,0.4161,0.3226,0.1291,0.0772,0.055
195310,0.4199,0.3231,0.1276,0.076,0.0534
195311,0.4219,0.3211,0.1284,0.0759,0.0527
195312,0.4259,0.3189,0.1273,0.0753,0.0527
195401,0.4291,0.3193,0.1277,0.074,0.05
195402,0.4234,0.3193,0.1301,0.0758,0.0514
195403,0.4237,0.3197,0.1305,0.0747,0.0513
195404,0.427,0.318,0.1317,0.0733,0.0499
195405,0.4307,0.3169,0.1316,0.0729,0.0479
195406,0.4298,0.3146,0.131,0.0748,0.0497
195407,0.4354,0.3123,0.1206,0.0876,0.0442
195408,0.432,0.3114,0.1214,0.0894,0.0457
195409,0.4286,0.3151,0.1226,0.0884,0.0454
195410,0.4311,0.3125,0.1241,0.0883,0.0441
195411,0.4282,0.3131,0.1244,0.0897,0.0446
195412,0.4299,0.3075,0.1243,0.0924,0.0459
195501,0.4245,0.3028,0.1271,0.0958,0.0497
195502,0.4213,0.3055,0.1257,0.0974,0.05
195503,0.4214,0.3045,0.126,0.0973,0.0508
195504,0.4214,0.3028,0.1258,0.0981,0.0519
195505,0.4273,0.2988,0.1233,0.0989,0.0516
195506,0.4327,0.2958,0.1225,0.0974,0.0515
195507,0.4498,0.2273,0.1877,0.0846,0.0506
195508,0.4502,0.2305,0.1865,0.0829,0.0499
195509,0.4525,0.2286,0.1845,0.0841,0.0503
195510,0.454,0.2273,0.1852,0.0841,0.0494
195511,0.4496,0.23,0.1874,0.0839,0.0491
195512,0.4533,0.2306,0.1827,0.0835,0.0499
195601,0.4543,0.2318,0.1831,0.0823,0.0487
195602,0.4471,0.2347,0.1866,0.0831,0.0485
195603,0.4522,0.2332,0.1839,0.0826,0.0481
195604,0.4523,0.2379,0.1806,0.0815,0.0477
195605,0.4472,0.2399,0.1833,0.0819,0.0477
195606,0.4489,0.239,0.1844,0.0808,0.0469
195607,0.5181,0.1795,0.1819,0.0842,0.0364
195608,0.5164,0.182,0.1818,0.0841,0.0358
195609,0.5162,0.1798,0.184,0.0843,0.0357
195610,0.5114,0.1804,0.1868,0.0847,0.0367
195611,0.5114,0.1804,0.1866,0.0849,0.0367
195612,0.5064,0.1801,0.1893,0.0877,0.0365
195701,0.5067,0.1818,0.1894,0.0861,0.036
195702,0.5014,0.1817,0.1929,0.0866,0.0374
195703,0.5028,0.1824,0.1931,0.0849,0.0369
195704,0.5045,0.1822,0.1925,0.084,0.0367
195705,0.5089,0.1822,0.1897,0.0835,0.0357
195706,0.5146,0.1805,0.1878,0.0818,0.0353
195707,0.4855,0.2373,0.1789,0.0592,0.0391
195708,0.4878,0.2367,0.1771,0.0593,0.039
195709,0.4841,0.2369,0.1814,0.0589,0.0386
195710,0.4801,0.2387,0.184,0.0591,0.038
195711,0.4811,0.2401,0.1848,0.0579,0.0362
195712,0.4829,0.2413,0.1837,0.0573,0.0348
195801,0.4836,0.2406,0.1869,0.0549,0.0339
195802,0.4771,0.24,0.1889,0.0576,0.0363
195803,0.4748,0.2408,0.1911,0.0571,0.0362
195804,0.4757,0.2406,0.1911,0.0567,0.0359
195805,0.4759,0.2404,0.1907,0.0563,0.0367
195806,0.4731,0.2416,0.191,0.0572,0.0372
195807,0.4934,0.2255,0.1749,0.0679,0.0382
195808,0.4964,0.2216,0.1735,0.0688,0.0397
195809,0.4968,0.2196,0.1748,0.069,0.0398
195810,0.497,0.2179,0.1745,0.069,0.0415
195811,0.4957,0.2189,0.1742,0.0691,0.0421
195812,0.4971,0.2188,0.1724,0.0692,0.0424
195901,0.4959,0.2178,0.1767,0.0678,0.0418
195902,0.4877,0.2187,0.1807,0.0698,0.0431
195903,0.4882,0.2174,0.1803,0.0708,0.0433
195904,0.4895,0.2183,0.1778,0.0712,0.0433
195905,0.4974,0.2131,0.1757,0.071,0.0429
195906,0.5021,0.2098,0.1745,0.0703,0.0433
195907,0.4491,0.2575,0.1745,0.0767,0.0421
195908,0.4523,0.2572,0.1721,0.0766,0.0417
195909,0.4513,0.2569,0.1741,0.0755,0.0422
195910,0.4508,0.2564,0.1762,0.0747,0.0419
195911,0.4506,0.2575,0.1765,0.0743,0.0411
195912,0.4612,0.2528,0.173,0.0725,0.0406
196001,0.4619,0.2529,0.1716,0.073,0.0407
196002,0.4519,0.2536,0.1793,0.0738,0.0415
196003,0.456,0.2474,0.1842,0.0718,0.0405
196004,0.4604,0.2471,0.1837,0.0704,0.0384
196005,0.4637,0.2453,0.1837,0.0696,0.0377
196006,0.4721,0.2428,0.181,0.0674,0.0367
196007,0.4496,0.2076,0.2314,0.0572,0.0543
196008,0.4414,0.2089,0.237,0.058,0.0547
196009,0.4388,0.2091,0.2394,0.0584,0.0543
196010,0.4336,0.2099,0.2431,0.0588,0.0546
196011,0.4319,0.2107,0.244,0.0586,0.0548
196012,0.4351,0.2113,0.2407,0.0585,0.0543
196101,0.4299,0.211,0.2483,0.0575,0.0533
196102,0.4226,0.2118,0.2517,0.0588,0.0552
196103,0.4243,0.2147,0.2468,0.0591,0.0551
196104,0.4221,0.2143,0.2494,0.0592,0.055
196105,0.4176,0.2136,0.2532,0.0592,0.0564
196106,0.4202,0.2151,0.2483,0.06,0.0563
196107,0.3724,0.3444,0.1639,0.0749,0.0444
196108,0.3676,0.3503,0.1648,0.0734,0.0439
196109,0.3737,0.3484,0.1617,0.0724,0.0439
196110,0.3779,0.3483,0.1593,0.0708,0.0438
196111,0.3805,0.3445,0.161,0.0711,0.0429
196112,0.3767,0.3503,0.1602,0.0701,0.0427
196201,0.3699,0.3529,0.1632,0.0716,0.0425
196202,0.362,0.3525,0.1666,0.0742,0.0447
196203,0.3613,0.3523,0.1675,0.0743,0.0446
196204,0.3633,0.3515,0.1675,0.074,0.0437
196205,0.3578,0.3561,0.1684,0.0739,0.0439
196206,0.3498,0.3589,0.1722,0.0748,0.0443
196207,0.3785,0.2935,0.1952,0.076,0.0568
196208,0.3857,0.2935,0.1918,0.0735,0.0555
196209,0.3882,0.2936,0.1898,0.0727,0.0556
196210,0.386,0.2947,0.1912,0.0724,0.0557
196211,0.3874,0.2951,0.1907,0.0715,0.0553
196212,0.3883,0.2912,0.1909,0.0722,0.0573
196301,0.3873,0.2936,0.192,0.0706,0.0564
196302,0.3886,0.2915,0.1901,0.0723,0.0576
196303,0.3846,0.2934,0.1905,0.0728,0.0586
196304,0.3849,0.2911,0.1916,0.0733,0.059
196305,0.3851,0.2894,0.1925,0.073,0.0599
196306,0.3888,0.2836,0.1921,0.0739,0.0616
196307,0.4275,0.319,0.1088,0.0884,0.0563
196308,0.4281,0.3199,0.1089,0.0876,0.0555
196309,0.4301,0.3165,0.1085,0.0891,0.0559
196310,0.4295,0.3176,0.1087,0.0892,0.055
196311,0.4375,0.3137,0.1063,0.0887,0.0538
196312,0.4338,0.3179,0.1055,0.0879,0.0549
196401,0.4346,0.3178,0.105,0.0879,0.0547
196402,0.435,0.3186,0.1041,0.0877,0.0545
196403,0.4356,0.315,0.1038,0.0896,0.056
196404,0.4333,0.3125,0.1063,0.0922,0.0558
196405,0.4313,0.3154,0.1067,0.0907,0.0559
196406,0.4328,0.3119,0.1061,0.0923,0.0569
196407,0.429,0.3017,0.1248,0.0962,0.0484
196408,0.4311,0.2985,0.1264,0.0962,0.0478
196409,0.4306,0.2976,0.128,0.0966,0.0472
196410,0.4318,0.2933,0.1293,0.0973,0.0483
196411,0.4302,0.2942,0.129,0.0973,0.0493
196412,0.4328,0.2934,0.13,0.0962,0.0476
196501,0.4351,0.2957,0.1281,0.0944,0.0467
196502,0.4395,0.2904,0.1282,0.0949,0.047
196503,0.4388,0.2898,0.1291,0.0951,0.0472
196504,0.4385,0.2886,0.1289,0.0961,0.0479
196505,0.4428,0.285,0.1283,0.0956,0.0484
196506,0.4411,0.2883,0.1281,0.0952,0.0474
196507,0.4431,0.2924,0.1392,0.0687,0.0566
196508,0.4426,0.289,0.14,0.0699,0.0585
196509,0.4448,0.2857,0.1415,0.0694,0.0586
196510,0.4479,0.2836,0.1401,0.0697,0.0587
196511,0.4499,0.2783,0.1406,0.0706,0.0605
196512,0.449,0.2753,0.1433,0.0712,0.0613
196601,0.4491,0.2726,0.1429,0.0724,0.063
196602,0.4447,0.2703,0.1452,0.0747,0.0651
196603,0.4449,0.2676,0.1457,0.0753,0.0664
196604,0.4486,0.2649,0.1464,0.075,0.0651
196605,0.449,0.2642,0.1456,0.0763,0.0649
196606,0.4525,0.2659,0.1447,0.0741,0.0628
196607,0.423,0.1668,0.2326,0.1142,0.0634
196608,0.4214,0.1663,0.2336,0.1155,0.0631
196609,0.4222,0.1644,0.2349,0.1162,0.0622
196610,0.4194,0.1662,0.2365,0.1163,0.0616
196611,0.4112,0.1667,0.2443,0.1167,0.061
196612,0.4221,0.1676,0.236,0.1145,0.0598
196701,0.4193,0.1678,0.2384,0.1149,0.0596
196702,0.4196,0.167,0.234,0.1163,0.0631
196703,0.4261,0.1668,0.2303,0.1142,0.0625
196704,0.4273,0.1657,0.2287,0.1151,0.0632
196705,0.4381,0.1638,0.2211,0.1149,0.062
196706,0.4343,0.1655,0.2218,0.1156,0.0629
196707,0.388,0.227,0.2394,0.0791,0.0666
196708,0.3869,0.2288,0.2352,0.0806,0.0685
196709,0.3886,0.2277,0.2325,0.0813,0.0699
196710,0.3926,0.2278,0.2311,0.0802,0.0684
196711,0.4004,0.2247,0.23,0.0785,0.0664
196712,0.4052,0.2235,0.2276,0.0778,0.0658
196801,0.403,0.2247,0.2274,0.0789,0.066
196802,0.3924,0.2228,0.2368,0.0809,0.0671
196803,0.3913,0.2238,0.2379,0.0803,0.0668
196804,0.4011,0.2177,0.2361,0.0781,0.067
196805,0.4098,0.2156,0.2264,0.0794,0.0688
196806,0.4127,0.215,0.2213,0.0794,0.0715
196807,0.3694,0.1956,0.1712,0.1784,0.0855
196808,0.3579,0.1968,0.1759,0.1832,0.0862
196809,0.3589,0.1954,0.177,0.1831,0.0856
196810,0.3556,0.1982,0.1753,0.183,0.088
196811,0.3477,0.1999,0.1768,0.1872,0.0884
196812,0.3517,0.1968,0.1778,0.1858,0.0879
196901,0.3485,0.1964,0.1785,0.1875,0.0891
196902,0.3439,0.1972,0.1806,0.1881,0.0903
196903,0.3466,0.1981,0.1798,0.1872,0.0882
196904,0.3503,0.1953,0.18,0.1851,0.0892
196905,0.3559,0.1941,0.1779,0.1859,0.0862
196906,0.3552,0.1913,0.1797,0.188,0.0857
196907,0.3021,0.1703,0.1752,0.1935,0.159
196908,0.3063,0.1693,0.1742,0.1908,0.1594
196909,0.3143,0.1698,0.1722,0.189,0.1547
196910,0.3214,0.1705,0.1722,0.1841,0.1518
196911,0.3261,0.1714,0.1724,0.1803,0.1499
196912,0.3315,0.1703,0.1707,0.1774,0.1501
197001,0.3386,0.1697,0.1704,0.1764,0.1448
197002,0.3358,0.1702,0.1698,0.1743,0.1499
197003,0.3301,0.1688,0.1732,0.1763,0.1516
197004,0.3217,0.1685,0.1775,0.1779,0.1543
197005,0.3137,0.1687,0.1782,0.1823,0.157
197006,0.306,0.1676,0.1778,0.1901,0.1586
197007,0.3634,0.1872,0.1402,0.2341,0.0752
197008,0.3547,0.1889,0.1416,0.24,0.0749
197009,0.3534,0.1905,0.1409,0.2394,0.0758
197010,0.3662,0.1877,0.1373,0.2319,0.077
197011,0.3702,0.1866,0.1341,0.2344,0.0747
197012,0.3698,0.1871,0.1339,0.2353,0.0739
197101,0.3654,0.1887,0.1362,0.2348,0.0749
197102,0.3641,0.1897,0.1361,0.2329,0.0771
197103,0.3684,0.1888,0.1351,0.2307,0.0769
197104,0.3752,0.1882,0.1355,0.225,0.076
197105,0.3752,0.1908,0.1326,0.2232,0.0783
197106,0.3815,0.1904,0.1321,0.2206,0.0753
197107,0.4488,0.1642,0.1754,0.1489,0.0627
197108,0.449,0.1641,0.1763,0.1492,0.0613
197109,0.4553,0.165,0.1681,0.1465,0.0652
197110,0.46,0.1641,0.1669,0.1453,0.0636
197111,0.4618,0.1623,0.1673,0.1461,0.0625
197112,0.4665,0.1625,0.166,0.1439,0.0611
197201,0.4667,0.1633,0.166,0.1421,0.0619
197202,0.4691,0.1619,0.1623,0.1414,0.0653
197203,0.4775,0.1612,0.1594,0.1378,0.0641
197204,0.4851,0.161,0.1546,0.1351,0.0642
197205,0.4861,0.1613,0.1534,0.1349,0.0642
197206,0.4947,0.1574,0.1533,0.1327,0.062
197207,0.46,0.1722,0.143,0.1666,0.0582
197208,0.4666,0.1689,0.1423,0.1652,0.0569
197209,0.4542,0.1712,0.1454,0.1713,0.0579
197210,0.4571,0.1688,0.144,0.1739,0.0561
197211,0.456,0.168,0.1453,0.1757,0.055
197212,0.4444,0.1701,0.1476,0.1799,0.0582
197301,0.4548,0.1675,0.1448,0.177,0.0558
197302,0.4562,0.1638,0.1445,0.1808,0.0548
197303,0.4623,0.1628,0.1424,0.1778,0.0548
197304,0.4596,0.1607,0.1438,0.1804,0.0555
197305,0.4506,0.1605,0.1467,0.1864,0.0558
197306,0.4582,0.1585,0.1467,0.1834,0.0533
197307,0.4743,0.1662,0.1685,0.1376,0.0535
197308,0.4811,0.1687,0.1623,0.1338,0.0541
197309,0.4805,0.1692,0.161,0.1339,0.0554
197310,0.4629,0.175,0.1668,0.1381,0.0573
197311,0.4642,0.1747,0.1679,0.135,0.0583
197312,0.4647,0.169,0.1678,0.1405,0.058
197401,0.4503,0.1686,0.1762,0.1438,0.061
197402,0.4432,0.171,0.1742,0.1477,0.064
197403,0.4376,0.1728,0.1731,0.1506,0.0659
197404,0.4411,0.1715,0.1725,0.1492,0.0656
197405,0.4461,0.1704,0.1712,0.1464,0.0659
197406,0.4585,0.167,0.1667,0.1451,0.0627
197407,0.5436,0.201,0.1451,0.0718,0.0385
197408,0.5256,0.2081,0.151,0.075,0.0403
197409,0.5192,0.2083,0.1556,0.076,0.0409
197410,0.4996,0.2122,0.1654,0.0803,0.0426
197411,0.5229,0.2064,0.1576,0.0752,0.0379
197412,0.5222,0.2071,0.1578,0.0755,0.0375
197501,0.5159,0.2111,0.1614,0.0753,0.0364
197502,0.4991,0.215,0.1654,0.0807,0.0399
197503,0.5156,0.2082,0.16,0.0781,0.0382
197504,0.5163,0.2086,0.1554,0.0803,0.0393
197505,0.5221,0.209,0.1498,0.0801,0.039
197506,0.5216,0.2128,0.1493,0.0779,0.0384
197507,0.5313,0.238,0.1257,0.0729,0.0321
197508,0.5223,0.2429,0.1277,0.0741,0.0329
197509,0.5234,0.242,0.1275,0.0751,0.032
197510,0.5191,0.2465,0.1281,0.0748,0.0316
197511,0.5234,0.2453,0.1263,0.0741,0.0308
197512,0.525,0.243,0.1261,0.0749,0.0312
197601,0.518,0.2473,0.1275,0.0754,0.0317
197602,0.5126,0.2436,0.1303,0.0793,0.0343
197603,0.5023,0.2467,0.1317,0.0818,0.0375
197604,0.5027,0.2475,0.1312,0.0812,0.0374
197605,0.4977,0.2503,0.1333,0.0816,0.037
197606,0.498,0.2519,0.133,0.0802,0.0368
197607,0.4687,0.204,0.2003,0.0885,0.0385
197608,0.4644,0.2056,0.2019,0.0889,0.0392
197609,0.463,0.2057,0.2044,0.0881,0.0389
197610,0.4597,0.2081,0.2054,0.0886,0.0382
197611,0.4582,0.2079,0.2081,0.088,0.0378
197612,0.4511,0.2085,0.2114,0.0901,0.039
197701,0.4448,0.2116,0.2121,0.0923,0.0392
197702,0.4311,0.2124,0.2191,0.0956,0.0418
197703,0.4327,0.2094,0.2198,0.0963,0.0418
197704,0.4308,0.2094,0.2202,0.0969,0.0427
197705,0.4212,0.2126,0.2228,0.0995,0.0439
197706,0.4181,0.2126,0.2259,0.0996,0.0437
197707,0.4131,0.2194,0.1746,0.1383,0.0546
197708,0.4141,0.2171,0.1754,0.1395,0.0538
197709,0.4246,0.2132,0.173,0.1361,0.053
197710,0.4228,0.2122,0.1758,0.1365,0.0527
197711,0.4208,0.2127,0.1751,0.1382,0.0531
197712,0.4206,0.2122,0.1747,0.138,0.0544
197801,0.4201,0.2134,0.1748,0.1372,0.0544
197802,0.4179,0.211,0.1759,0.1386,0.0565
197803,0.4124,0.211,0.1799,0.1398,0.0569
197804,0.4079,0.2138,0.1799,0.1406,0.0579
197805,0.4192,0.2132,0.1749,0.1355,0.0571
197806,0.4195,0.2139,0.173,0.1351,0.0584
197807,0.3415,0.1949,0.2445,0.1407,0.0783
197808,0.3466,0.1943,0.241,0.1396,0.0784
197809,0.3463,0.195,0.2413,0.1389,0.0785
197810,0.338,0.196,0.2468,0.1402,0.0789
197811,0.3392,0.1945,0.2528,0.1387,0.0749
197812,0.34,0.1937,0.2531,0.1386,0.0746
197901,0.3468,0.1926,0.25,0.1368,0.0737
197902,0.3418,0.194,0.2504,0.1379,0.076
197903,0.3393,0.1935,0.2517,0.1393,0.0763
197904,0.3387,0.1944,0.2498,0.1395,0.0776
197905,0.3383,0.1945,0.2488,0.1404,0.0779
197906,0.3372,0.1953,0.2489,0.1401,0.0784
197907,0.3132,0.2027,0.2574,0.1371,0.0896
197908,0.3098,0.2038,0.2585,0.137,0.0908
197909,0.3133,0.206,0.2549,0.1345,0.0913
197910,0.3099,0.2076,0.2577,0.1341,0.0908
197911,0.3107,0.2091,0.2596,0.1323,0.0883
197912,0.3127,0.2114,0.2561,0.1333,0.0866
198001,0.316,0.2132,0.2519,0.1313,0.0877
198002,0.3118,0.2154,0.2524,0.1301,0.0904
198003,0.3034,0.2174,0.2582,0.1299,0.091
198004,0.3108,0.2146,0.2593,0.1288,0.0865
198005,0.3077,0.2132,0.261,0.1322,0.0859
198006,0.3078,0.2134,0.26,0.1316,0.0872
198007,0.2757,0.2449,0.2027,0.1953,0.0814
198008,0.288,0.2444,0.1986,0.1888,0.0802
198009,0.2927,0.2444,0.1959,0.1878,0.0792
198010,0.2962,0.2504,0.1956,0.1809,0.0769
198011,0.2958,0.2554,0.1993,0.1754,0.0741
198012,0.299,0.2629,0.2069,0.1625,0.0688
198101,0.3038,0.2573,0.2033,0.1655,0.0701
198102,0.2986,0.252,0.2017,0.1728,0.0749
198103,0.3014,0.2525,0.1988,0.1727,0.0745
198104,0.3002,0.2528,0.1955,0.1746,0.0769
198105,0.3,0.248,0.1941,0.18,0.078
198106,0.3062,0.2428,0.191,0.1809,0.0791
198107,0.3098,0.2416,0.1872,0.1462,0.1152
198108,0.3137,0.2444,0.1839,0.1433,0.1148
198109,0.3118,0.2396,0.1849,0.1445,0.1193
198110,0.3084,0.2326,0.1846,0.1497,0.1247
198111,0.3159,0.2354,0.1807,0.1449,0.123
198112,0.3118,0.2386,0.181,0.146,0.1225
198201,0.3123,0.2376,0.1801,0.1466,0.1234
198202,0.313,0.2343,0.1784,0.1473,0.127
198203,0.3066,0.2258,0.183,0.1539,0.1307
198204,0.2997,0.2286,0.1813,0.1559,0.1344
198205,0.3073,0.2291,0.1805,0.1548,0.1284
198206,0.3049,0.2321,0.1823,0.1517,0.129
198207,0.2798,0.2138,0.1721,0.242,0.0922
198208,0.285,0.2109,0.1697,0.2421,0.0924
198209,0.2838,0.2104,0.1701,0.2437,0.092
198210,0.2852,0.2105,0.1717,0.2414,0.0912
198211,0.2895,0.2109,0.1705,0.2414,0.0877
198212,0.2984,0.2091,0.1666,0.2381,0.0878
198301,0.3006,0.2077,0.1653,0.2363,0.0901
198302,0.3006,0.2065,0.1637,0.2397,0.0895
198303,0.3013,0.2088,0.1645,0.2358,0.0897
198304,0.2993,0.208,0.1661,0.2368,0.0898
198305,0.2975,0.2064,0.168,0.2396,0.0884
198306,0.3001,0.2059,0.1686,0.2361,0.0893
198307,0.3204,0.1706,0.1692,0.1922,0.1476
198308,0.3148,0.1676,0.1696,0.1976,0.1504
198309,0.3084,0.1648,0.1675,0.2019,0.1574
198310,0.3113,0.1657,0.1683,0.199,0.1556
198311,0.3046,0.1646,0.1703,0.2027,0.1578
198312,0.3067,0.1655,0.172,0.2025,0.1534
198401,0.306,0.1668,0.17,0.2022,0.1551
198402,0.2933,0.1669,0.1734,0.2078,0.1586
198403,0.2917,0.1633,0.1725,0.2093,0.1632
198404,0.292,0.165,0.1716,0.2103,0.1611
198405,0.2921,0.1637,0.1719,0.2104,0.1619
198406,0.2949,0.1678,0.1721,0.2136,0.1515
198407,0.2912,0.1732,0.1688,0.2007,0.166
198408,0.2931,0.1722,0.1694,0.1991,0.1661
198409,0.2958,0.1714,0.1679,0.1986,0.1662
198410,0.2878,0.1706,0.1654,0.2032,0.173
198411,0.2875,0.1736,0.1678,0.2004,0.1706
198412,0.2826,0.1726,0.1678,0.202,0.1751
198501,0.2844,0.1704,0.1681,0.203,0.1741
198502,0.2922,0.1717,0.1674,0.2012,0.1676
198503,0.2904,0.1726,0.1672,0.2019,0.1678
198504,0.2848,0.1727,0.1668,0.2041,0.1717
198505,0.2818,0.1696,0.1659,0.2081,0.1746
198506,0.2843,0.1732,0.1701,0.1981,0.1743
198507,0.3051,0.1729,0.1595,0.1971,0.1654
198508,0.308,0.1743,0.1592,0.1951,0.1633
198509,0.3057,0.1709,0.1605,0.1969,0.1661
198510,0.3023,0.1723,0.1626,0.1974,0.1655
198511,0.3024,0.1703,0.1599,0.1999,0.1676
198512,0.3093,0.1714,0.1599,0.1955,0.1639
198601,0.3144,0.1692,0.1591,0.1935,0.1638
198602,0.3141,0.1687,0.1605,0.1914,0.1653
198603,0.3139,0.1714,0.1607,0.1894,0.1645
198604,0.3161,0.1722,0.161,0.1883,0.1624
198605,0.3222,0.1731,0.1602,0.1856,0.1589
198606,0.3234,0.1738,0.1565,0.1871,0.1592
198607,0.3301,0.181,0.1563,0.1816,0.151
198608,0.3236,0.1789,0.1563,0.1867,0.1546
198609,0.3174,0.178,0.1553,0.1902,0.1591
198610,0.3132,0.1766,0.1547,0.1926,0.163
198611,0.3129,0.1786,0.1538,0.1918,0.1629
198612,0.3154,0.1783,0.1526,0.1912,0.1624
198701,0.3176,0.1784,0.1501,0.1916,0.1624
198702,0.3204,0.1797,0.148,0.1909,0.161
198703,0.3328,0.1832,0.1473,0.1827,0.154
198704,0.3318,0.1827,0.1457,0.1836,0.1561
198705,0.3318,0.1824,0.1445,0.1845,0.1568
198706,0.3371,0.1809,0.1442,0.1841,0.1537
198707,0.3097,0.2086,0.1584,0.175,0.1483
198708,0.3122,0.2067,0.1605,0.1729,0.1477
198709,0.314,0.2085,0.1596,0.1734,0.1445
198710,0.3133,0.2065,0.1622,0.1732,0.1447
198711,0.3085,0.2005,0.1605,0.1837,0.1468
198712,0.3051,0.2012,0.1599,0.1855,0.1483
198801,0.3113,0.2032,0.1606,0.1783,0.1466
198802,0.3042,0.1991,0.1612,0.1845,0.1511
198803,0.3058,0.203,0.1618,0.1808,0.1486
198804,0.3034,0.2028,0.1622,0.1793,0.1523
198805,0.2998,0.2029,0.1637,0.1812,0.1524
198806,0.2983,0.2007,0.1622,0.1844,0.1544
198807,0.3316,0.2107,0.19,0.1689,0.0988
198808,0.3304,0.2088,0.193,0.1678,0.1
198809,0.3299,0.2053,0.1938,0.1702,0.1007
198810,0.3338,0.206,0.1913,0.1687,0.1003
198811,0.3317,0.2081,0.1904,0.1683,0.1015
198812,0.328,0.2086,0.1904,0.1704,0.1026
198901,0.3324,0.2081,0.1905,0.1681,0.1009
198902,0.334,0.2075,0.1897,0.167,0.1018
198903,0.3329,0.2079,0.1885,0.1683,0.1024
198904,0.334,0.2052,0.1907,0.1681,0.1019
198905,0.3396,0.1985,0.1915,0.1685,0.1019
198906,0.3415,0.1972,0.1919,0.1688,0.1006
198907,0.2812,0.2377,0.1854,0.1792,0.1164
198908,0.2867,0.2391,0.1824,0.1776,0.1143
198909,0.2839,0.2403,0.1837,0.1778,0.1144
198910,0.2841,0.2388,0.1838,0.1791,0.1143
198911,0.2901,0.2364,0.181,0.1778,0.1146
198912,0.2909,0.2376,0.1812,0.1765,0.1138
199001,0.286,0.2354,0.1847,0.1804,0.1135
199002,0.2844,0.2381,0.1849,0.1792,0.1135
199003,0.2822,0.2386,0.1857,0.1793,0.1142
199004,0.2867,0.2419,0.183,0.1763,0.1122
199005,0.293,0.2441,0.1803,0.173,0.1097
199006,0.2995,0.2472,0.1777,0.1676,0.1079
199007,0.339,0.225,0.2317,0.121,0.0834
199008,0.3377,0.2241,0.2363,0.1198,0.0821
199009,0.339,0.2206,0.2398,0.1197,0.0809
199010,0.3379,0.2197,0.2459,0.1176,0.0789
199011,0.344,0.2167,0.2437,0.1171,0.0785
199012,0.3455,0.2187,0.2421,0.117,0.0767
199101,0.3479,0.2189,0.2406,0.1167,0.0758
199102,0.3508,0.2209,0.2355,0.1174,0.0754
199103,0.3553,0.2195,0.2322,0.1171,0.0759
199104,0.3619,0.2182,0.2276,0.1168,0.0755
199105,0.3605,0.2174,0.2287,0.1182,0.0753
199106,0.3619,0.2189,0.2249,0.1181,0.0762
199107,0.3869,0.2905,0.1557,0.1154,0.0515
199108,0.3928,0.2865,0.1548,0.1153,0.0506
199109,0.3971,0.2822,0.1551,0.1146,0.0509
199110,0.3957,0.2824,0.1556,0.1159,0.0504
199111,0.3964,0.2803,0.1556,0.1171,0.0505
199112,0.4052,0.2754,0.1537,0.1168,0.049
199201,0.4198,0.2703,0.15,0.1115,0.0484
199202,0.4134,0.2696,0.1503,0.1139,0.0527
199203,0.4092,0.2667,0.1516,0.1164,0.056
199204,0.4046,0.2683,0.1542,0.1176,0.0553
199205,0.3935,0.2748,0.1568,0.1182,0.0566
199206,0.3957,0.274,0.1565,0.1174,0.0564
199207,0.3588,0.1987,0.2163,0.1495,0.0767
199208,0.3616,0.1982,0.217,0.1488,0.0744
199209,0.3656,0.1967,0.2193,0.1473,0.0711
199210,0.3645,0.2002,0.2188,0.1459,0.0706
199211,0.3704,0.2015,0.214,0.1435,0.0707
199212,0.3732,0.2037,0.2088,0.1421,0.0723
199301,0.3668,0.2065,0.2114,0.1416,0.0736
199302,0.3569,0.2076,0.2123,0.1448,0.0784
199303,0.3422,0.2093,0.2198,0.1492,0.0796
199304,0.3381,0.2118,0.222,0.1477,0.0805
199305,0.3287,0.2129,0.2267,0.1493,0.0824
199306,0.3325,0.2162,0.2233,0.1472,0.0809
199307,0.3322,0.1985,0.2129,0.1721,0.0843
199308,0.3233,0.1998,0.2153,0.1766,0.0849
199309,0.3244,0.1982,0.2159,0.177,0.0845
199310,0.3245,0.1965,0.2167,0.1792,0.0831
199311,0.3313,0.1951,0.2136,0.1758,0.0843
199312,0.3374,0.1944,0.2104,0.1723,0.0855
199401,0.3355,0.1971,0.2103,0.1722,0.0849
199402,0.3311,0.1985,0.2116,0.1722,0.0867
199403,0.3343,0.2007,0.2108,0.1687,0.0855
199404,0.3318,0.2009,0.2133,0.1688,0.0852
199405,0.3305,0.1983,0.2161,0.1692,0.0858
199406,0.3295,0.2013,0.2163,0.1677,0.0852
199407,0.3376,0.1965,0.2091,0.157,0.0998
199408,0.335,0.1964,0.2092,0.159,0.1005
199409,0.3412,0.1979,0.2049,0.1576,0.0984
199410,0.3469,0.1966,0.2027,0.1568,0.097
199411,0.351,0.1926,0.2041,0.1572,0.0951
199412,0.3549,0.1913,0.2018,0.1566,0.0954
199501,0.3546,0.1917,0.2024,0.1559,0.0954
199502,0.3539,0.1905,0.2031,0.1567,0.0958
199503,0.3533,0.1932,0.2017,0.1559,0.0959
199504,0.3544,0.1943,0.202,0.1556,0.0937
199505,0.353,0.1944,0.2024,0.1559,0.0943
199506,0.3524,0.1934,0.2017,0.1567,0.0958
199507,0.336,0.237,0.2045,0.132,0.0905
199508,0.3381,0.2353,0.2051,0.1326,0.089
199509,0.3352,0.2368,0.2035,0.1338,0.0907
199510,0.3365,0.2377,0.2011,0.134,0.0907
199511,0.3398,0.2365,0.2022,0.1319,0.0897
199512,0.3423,0.2332,0.203,0.1322,0.0892
199601,0.3379,0.2355,0.2042,0.132,0.0904
199602,0.3357,0.2382,0.2038,0.1319,0.0905
199603,0.3384,0.238,0.2036,0.1307,0.0893
199604,0.339,0.2378,0.2023,0.1333,0.0876
199605,0.3418,0.2403,0.2006,0.132,0.0853
199606,0.3468,0.2408,0.1967,0.1313,0.0844
199607,0.4149,0.2299,0.1683,0.1083,0.0787
199608,0.4097,0.2311,0.1703,0.1107,0.0782
199609,0.4087,0.2297,0.1717,0.1112,0.0787
199610,0.4151,0.2298,0.1707,0.1083,0.0761
199611,0.4077,0.2302,0.1744,0.1105,0.0773
199612,0.4094,0.2303,0.174,0.11,0.0762
199701,0.4069,0.2315,0.1734,0.1111,0.0772
199702,0.4126,0.2309,0.1717,0.11,0.0748
199703,0.4103,0.2307,0.1712,0.1117,0.0761
199704,0.4048,0.2299,0.176,0.1125,0.0768
199705,0.4116,0.2278,0.1758,0.1107,0.0741
199706,0.4154,0.2303,0.1731,0.1077,0.0736
199707,0.4232,0.2355,0.1755,0.0933,0.0725
199708,0.4254,0.2357,0.1744,0.0928,0.0717
199709,0.4186,0.2384,0.1757,0.0932,0.074
199710,0.4173,0.2388,0.1764,0.0936,0.0739
199711,0.4181,0.2359,0.1772,0.0945,0.0744
199712,0.4214,0.2382,0.1733,0.0938,0.0734
199801,0.4173,0.2375,0.1748,0.0949,0.0756
199802,0.4286,0.2354,0.1689,0.0924,0.0747
199803,0.4306,0.2328,0.1706,0.092,0.074
199804,0.4296,0.2323,0.1699,0.0926,0.0755
199805,0.4291,0.2324,0.1712,0.0923,0.0749
199806,0.4293,0.2331,0.1698,0.093,0.0747
199807,0.4599,0.2551,0.1312,0.0846,0.0691
199808,0.4645,0.2575,0.1281,0.0817,0.0682
199809,0.4727,0.2513,0.1244,0.0801,0.0715
199810,0.4875,0.2367,0.1242,0.0795,0.0721
199811,0.4918,0.2428,0.1202,0.078,0.0672
199812,0.4988,0.2414,0.1196,0.0746,0.0656
199901,0.5151,0.2374,0.1103,0.073,0.0642
199902,0.5271,0.2346,0.1069,0.069,0.0624
199903,0.5205,0.2371,0.1102,0.0697,0.0625
199904,0.5276,0.2314,0.112,0.0684,0.0606
199905,0.5092,0.2406,0.1172,0.0706,0.0624
199906,0.5012,0.2445,0.1165,0.0733,0.0645
199907,0.6096,0.2043,0.0859,0.0665,0.0336
199908,0.6105,0.2024,0.0867,0.0665,0.0339
199909,0.6202,0.1952,0.0853,0.0659,0.0334
199910,0.6257,0.1944,0.0832,0.0638,0.0329
199911,0.6304,0.1971,0.0805,0.0608,0.0313
199912,0.6491,0.1853,0.0778,0.0576,0.0303
200001,0.6648,0.1773,0.0741,0.0547,0.0291
200002,0.6625,0.1777,0.0757,0.0545,0.0295
200003,0.6766,0.1712,0.0724,0.0515,0.0283
200004,0.6752,0.173,0.0715,0.0525,0.0279
200005,0.6693,0.1744,0.0705,0.0564,0.0293
200006,0.6605,0.1827,0.07,0.058,0.0288
200007,0.748,0.1267,0.0617,0.0381,0.0255
200008,0.7384,0.1293,0.0649,0.0404,0.027
200009,0.7397,0.1298,0.0642,0.0395,0.0268
200010,0.7272,0.1341,0.0678,0.0435,0.0274
200011,0.725,0.1365,0.0656,0.0446,0.0283
200012,0.7138,0.1396,0.0685,0.049,0.0291
200101,0.696,0.1473,0.0732,0.0531,0.0304
200102,0.7015,0.145,0.0735,0.0509,0.0291
200103,0.6777,0.1539,0.079,0.0568,0.0326
200104,0.6626,0.16,0.0836,0.0592,0.0346
200105,0.6712,0.1572,0.0803,0.0576,0.0337
200106,0.668,0.1587,0.0812,0.0581,0.034
200107,0.6258,0.1587,0.1234,0.0545,0.0375
200108,0.6251,0.158,0.1234,0.0545,0.039
200109,0.6189,0.1614,0.1245,0.0561,0.0391
200110,0.6262,0.1554,0.1241,0.0557,0.0386
200111,0.6352,0.1521,0.1222,0.0551,0.0354
200112,0.6375,0.1514,0.1197,0.0547,0.0367
200201,0.6316,0.1533,0.1225,0.055,0.0375
200202,0.633,0.1524,0.1215,0.0562,0.0368
200203,0.6274,0.1562,0.1245,0.0558,0.0362
200204,0.6218,0.1585,0.1258,0.0571,0.0367
200205,0.6087,0.1621,0.1328,0.0597,0.0367
200206,0.6069,0.1631,0.134,0.0596,0.0364
200207,0.5258,0.2316,0.1086,0.0817,0.0524
200208,0.5379,0.228,0.1061,0.079,0.049
200209,0.5362,0.2276,0.1049,0.0804,0.0509
200210,0.5359,0.2252,0.106,0.0818,0.0512
200211,0.5473,0.2246,0.1003,0.0783,0.0495
200212,0.5463,0.2243,0.1011,0.0774,0.0509
200301,0.5393,0.2279,0.1019,0.0799,0.0511
200302,0.5403,0.228,0.1024,0.08,0.0494
200303,0.5455,0.2269,0.1004,0.0792,0.0481
200304,0.5493,0.2233,0.1008,0.0798,0.0469
200305,0.5483,0.222,0.1018,0.0798,0.0481
200306,0.5409,0.2258,0.1034,0.0808,0.0492
200307,0.4736,0.2342,0.1418,0.0992,0.0512
200308,0.4736,0.237,0.1402,0.0983,0.0508
200309,0.4728,0.2365,0.1393,0.0993,0.052
200310,0.4745,0.2362,0.1386,0.0986,0.0521
200311,0.4684,0.239,0.141,0.0993,0.0523
200312,0.4661,0.2398,0.1413,0.0996,0.0533
200401,0.4618,0.2419,0.1414,0.1002,0.0546
200402,0.4604,0.2414,0.1419,0.1009,0.0554
200403,0.4576,0.2432,0.1429,0.1003,0.056
200404,0.4579,0.2449,0.1391,0.1016,0.0564
200405,0.4646,0.243,0.1366,0.0997,0.056
200406,0.4672,0.2426,0.1354,0.0987,0.0561
200407,0.4561,0.2429,0.1146,0.104,0.0825
200408,0.4498,0.2446,0.1157,0.1058,0.0841
200409,0.4467,0.2465,0.1162,0.1063,0.0843
200410,0.4449,0.247,0.1182,0.1073,0.0825
200411,0.4462,0.2459,0.1188,0.1059,0.0833
200412,0.4399,0.2484,0.1205,0.1062,0.085
200501,0.4418,0.2477,0.1188,0.1065,0.0852
200502,0.438,0.249,0.1201,0.1065,0.0863
200503,0.4329,0.2534,0.1211,0.1057,0.0869
200504,0.4351,0.2493,0.121,0.1061,0.0885
200505,0.4387,0.2485,0.1187,0.1062,0.0879
200506,0.4411,0.2475,0.119,0.1049,0.0875
200507,0.3771,0.2523,0.1474,0.1331,0.0901
200508,0.3823,0.2477,0.1465,0.1319,0.0916
200509,0.3792,0.2481,0.1474,0.1321,0.0932
200510,0.3727,0.2501,0.1481,0.1339,0.0952
200511,0.3771,0.2482,0.1488,0.1332,0.0928
200512,0.3795,0.2489,0.1486,0.1335,0.0895
200601,0.3778,0.2477,0.1503,0.1341,0.0902
200602,0.3744,0.2461,0.1512,0.1351,0.0933
200603,0.3742,0.2469,0.1512,0.1366,0.0911
200604,0.3735,0.2487,0.1503,0.1367,0.0909
200605,0.3675,0.2512,0.1522,0.1385,0.0905
200606,0.3658,0.2506,0.1524,0.1392,0.0921
200607,0.3464,0.2299,0.1727,0.1725,0.0786
200608,0.3405,0.2325,0.1733,0.1749,0.0789
200609,0.345,0.232,0.1736,0.1715,0.0779
200610,0.3476,0.2293,0.1748,0.1697,0.0786
